15.17372813411377 -6.19647442707145
7.547123015693746 -1.0482355890254427
6.638953998427508 -0.9804404173648438
10.668366141005187 -7.805943175436197
8.589541380848896 -1.7175647240059009
8.442460744541817 -1.623125333486203
5.692313727539509 -4.610856664247679
5.984822148042961 -1.9991904140965406
5.089245571731608 -3.3939682920638328
10.01146448530588 -7.384151472916635
6.098893782040053 -1.8215343701454634
6.843831841553605 -0.6613620818696235
6.172300388419889 -1.7072103543288053
13.936159860355907 -8.123872816409776
10.979892342052384 -3.2523914256861914
12.798898295047604 -9.173942139557496
6.4380946110222546 -1.2932603788792365
14.454290005543115 -7.316932925918655
7.501745726103425 -5.772679589560869
7.513494133695133 -5.7802231553244905
11.603876274844405 -8.406627324506097
8.243079217111223 -6.2486843500817955
5.3397206958366645 -4.384459282161384
5.805227505614961 -4.683357767387175
10.953165319489043 -3.2352302018523593
8.887388867969742 -6.662390819273277
9.909149670418829 -7.318455885776972
5.255915193114098 -3.134395736257435
11.542848815635935 -8.367442043579103
8.943346993079377 -6.698321118207703
6.888407960390952 -5.378859939123229
5.484973550730561 -2.7776584807087903
13.800403275890359 -8.335301169729188
9.404290855943117 -6.994289768912758
6.457858347137766 -5.102407211659977
6.17201514613782 -4.918869402982879
7.089017181635802 -5.507669638772883
7.452973047126639 -0.9877825894180532
5.223186105682433 -3.185368269844416
14.526866145733745 -7.20390228456013
12.519686915499216 -8.99466257446464
7.485412625580835 -1.0086118032075153
6.482426157250813 -1.2242180863369843
9.260738245359123 -6.902115697658678
12.369778195297268 -4.144826869046318
12.720873807545196 -9.12384319227014
13.427009756054606 -4.823667447541332
7.6464507719627655 -1.112013207883105
13.773818258610532 -5.046350626175734
11.174220242009637 -8.130748358431253
8.026065504800693 -6.109341447850706
15.26151372667637 -6.059756467101048
7.347772436952157 -0.9202340544332328
7.377156682506221 -0.9391014615282982
12.148538553005844 -8.756350951491527
15.255005912343417 -6.06989178741381
13.237561544889669 -9.2118752293478
11.380788625069428 -3.509803968766955
13.486524218382055 -8.824138838500021
5.106538392173803 -4.234734646812903
5.74391498108744 -2.3743810968377987
9.650430692821763 -7.1523343406598165
7.32914446956587 -5.661853597237117
11.697990179544703 -3.71347674465842
13.947296979839733 -8.106527780495263
11.528711035438127 -8.35836427930839
15.223317540368342 -6.11924350270953
8.297360865688644 -1.5299577727016143
14.707647066251296 -6.922352682475872
13.311955011699405 -9.096014269474457
5.198464591669272 -4.293759780719851
4.804052504439002 -3.8381301780833623
10.702460588248748 -3.074254545143164
13.549654576566338 -8.725819131003588
5.679116462410659 -4.602382797757917
13.603921545449117 -8.64130333447194
14.412479137368601 -5.456430060512423
12.589765051971021 -4.286078805319139
7.754761391326135 -5.935139079916084
14.559895487041054 -7.152462133267863
13.972097933451021 -5.173664541280673
11.407638664816506 -8.28062460413858
5.927562324908844 -2.0883673049579894
13.2443613747777 -9.201285121753841
9.00159510550964 -1.9821413779788033
6.757071607920167 -0.796483139923204
11.696016235067118 -8.465789712597584
6.222538726164402 -4.951310220648514
14.726638941327288 -6.8927745895268435
8.922717483361305 -1.9314946392348986
6.970103237899688 -0.6777354504558097
7.342919867867596 -5.670698678768209
15.050941917262694 -5.866382297031325
14.341766451663513 -5.4110259671683005
13.4036956683906 -8.953136662078677
12.114235455763978 -8.734325186048848
11.691371590545547 -3.7092269975341576
12.062036841178085 -3.9472284179487573
9.233533899547885 -2.131067564979473
12.700045313403702 -4.356888946868372
13.073383825057073 -4.596606848444913
5.6260431605705055 -2.5579555806300083
10.319888268773713 -7.58218810685986
14.770300805910114 -5.686184711704229
9.897684854572416 -2.557513989066459
7.477294791150211 -5.756979824774719
13.496994570306654 -8.807832231532796
12.030426376420179 -8.680511995053939
13.999205496480752 -8.02568505570316
12.861522841121594 -9.214152898167844
12.866339846765822 -4.463665438810433
14.149919331726029 -5.287842348068173
11.292552021663836 -8.206728320377582
8.736851157621352 -1.8121512439264302
6.066622197154153 -4.851197368668922
14.28476968069152 -7.580945189328538
9.191324257218639 -2.103965065318635
8.375400794494345 -6.333647057848281
4.808748511203665 -3.8308165808730448
5.120817117759379 -3.344798522400885
12.462138842857279 -8.95771138196
10.106702218669167 -7.445302918267524
8.662137650362396 -6.517758675717383
9.093991301965682 -2.041468293463645
5.7683412775087906 -2.336339394106476
7.362490846346583 -0.9296846364236924
8.410437315202588 -6.356143749083074
12.884132761814188 -4.475090138178936
5.833040643268301 -2.2355761020923413
10.884324944342278 -7.944608728404957
10.836918111500756 -3.1605887279800977
12.973550162438228 -9.286084813968158
11.003481704905209 -8.02111840450107
8.541473126885668 -6.440280876187741
6.859492422991099 -0.636972171366283
14.059953351679946 -7.931075876759721
12.526289521325927 -8.998902058911895
7.128791285845026 -0.7796278742785443
14.356134132497198 -5.4202513489397095
13.240792766986038 -9.206842899094838
11.47202092491661 -8.321963977946021
14.172541966512298 -5.302368174817417
5.5889579688730855 -4.544492694793679
4.747355573162231 -3.9264304168180333
11.431899664071882 -3.5426219895031608
9.319124989815535 -6.939605395142585
4.815482623712536 -4.047849887058832
13.732112150867001 -5.019571442354252
5.730920271431554 -4.635645641007506
10.99891199203519 -3.2646038024978057
6.761766706919725 -0.7891709564732734
5.305327834758247 -3.0574401064652337
14.601493373128369 -7.087677264146164
14.136397207343737 -5.279159891850558
9.018799401734368 -1.9931881295470477
13.120171860651887 -4.626649100614415
7.677695867870952 -1.1320754532499113
10.496494248466822 -7.695585502350655
10.809536530071513 -7.896587639844261
9.576062983110763 -2.35100296027795
12.614492297144434 -4.301955986857384
6.729362732239384 -0.8396371569499586
6.394118469928241 -1.3617491607195666
12.970497066947132 -9.284124443897584
11.486575603773982 -8.331309429767636
10.916507190539168 -3.211692287939676
13.22977579369191 -4.697024976696776
12.848193812929896 -4.45201400447589
12.05806048222426 -8.698255650338687
10.977403038373255 -3.250793062175004
11.55231951844572 -3.6199426888084916
14.569493368249148 -5.557247738757429
10.149501550675827 -2.719203630203438
11.445342698246003 -8.304834085594603
10.310958663505646 -7.576454473254026
9.908526436408776 -7.318055711821118
12.457032179246944 -4.200852007851257
10.46497370830586 -7.6753463962630395
6.308824241146559 -5.006713512680648
11.042091517876022 -3.2923290571997494
7.446529273831207 -0.9836450901663021
11.487625572768511 -3.5784031839934975
5.444783604295795 -2.8402506137397614
5.749280282460307 -2.3660251350345924
11.975588346863244 -8.645300901203044
6.846767612274423 -0.6567898898712077
9.389070582332659 -2.2309365205024965
5.64638712862364 -2.526271727633925
7.796781889475275 -1.2085397083830434
9.301412497232908 -2.1746519113330036
13.495969476839978 -4.867945975054512
8.192330365213937 -1.4625184638989186
11.391964726155932 -3.5169800607495336
12.438577719946554 -4.189002535803415
12.166471544311886 -4.014285169678266
13.52525062807395 -8.763826028897713
8.509673385851215 -1.66628207416841
12.594140718736757 -4.288888388639206
12.779449537785755 -4.407873813018079
14.439964902566 -7.339242951951691
10.497258356959781 -7.696076130771756
13.343032778797582 -9.047613514930731
11.655602520175158 -3.686259941570495
4.98960736772163 -4.1596540994385265
7.856064091265917 -1.246604372409144
5.341675971328398 -3.0008312377940696
10.443131095783025 -2.9077409929369264
13.637930051382009 -4.959097811721746
7.387187977451173 -5.699122905053197
9.071714288929618 -6.7807448110006
9.888879925102554 -2.551860408870038
5.257114707080604 -3.132527603940167
12.302142498385333 -8.854978910598078
6.471435101399253 -1.2413356416223156
5.346213084778219 -4.388627997160529
9.266767212423057 -6.905986852892141
5.152687555405725 -4.264366683755668
8.675172114745402 -1.7725475859378856
12.900910154563041 -9.23944320129009
5.609753204725477 -4.557845162181112
7.702887259826837 -1.1482506600098925
5.774090428366939 -4.663364880004443
12.150771698819739 -8.757784837928934
7.347322320847313 -5.6735254613184845
13.545008559278731 -8.733054874216188
13.136383891437838 -4.637058725871374
12.763694714287695 -4.3977577571846265
6.400823139464517 -1.3513072565925128
12.025486016609417 -8.677339826499392
6.031341998699391 -4.828544213752421
8.270870863502372 -1.5129487379017252
13.35701280624219 -9.02584091219761
12.460163987650049 -4.2028629189014115
10.015157469155977 -2.6329422874650628
14.575590746739346 -5.561162820462542
14.663389134539532 -6.991280327201023
11.681222091877508 -3.7027100793839742
7.617714409972906 -5.847142225153085
6.309637592230379 -5.007235759405731
9.999635939632194 -2.6229760279698353
5.167116845315251 -4.273631624259751
5.821398408826018 -4.693740984931983
5.268455840307716 -4.338700644650618
12.43229453741676 -8.938548573808953
10.856796938309413 -3.173352775887374
6.036025162123499 -1.9194464444418973
7.546110389095248 -5.801165812076333
4.958823322979812 -3.5970889097367427
5.600846349706157 -2.5971972885068126
10.823029717035684 -7.905251515559376
7.317658455150463 -0.9008980890819842
14.74035242372448 -5.666955076643653
14.27405118091987 -5.367546491837812
11.393756619296234 -8.27171104521595
5.863352258630499 -2.188368558180487
12.151105461817792 -4.00441872157297
9.21959503994971 -6.875697949269425
7.016416459685337 -5.461053251296989
13.304006116236433 -9.108393940670965
8.599455523332514 -6.4775109448004375
8.000872370284068 -1.339584699092856
5.379032956156017 -4.409701394228128
13.70806715044996 -8.479106164754768
13.113920955150265 -4.622635440348921
9.192778701271456 -6.858479376217723
9.099390448181397 -2.0449350453811057
6.519559361690996 -1.166386546900653
9.52488822693078 -2.3181440272125444
8.518078865317287 -1.6716791704669625
4.82568093394977 -3.8044458948911384
5.550229268815652 -2.676028721285167
10.459205116439847 -2.9180620029090485
12.674852697776263 -9.094293377510404
7.707110131193497 -5.90454255764495
15.096700402409848 -6.316438011439784
14.78341269348407 -6.804354709360224
14.86075757232578 -5.744266333481024
8.758103787715743 -6.579377823891707
6.360495852798739 -1.4141132843601665
11.91923092177851 -3.8555337915905774
14.33962715681356 -7.4955097322610005
5.032098905241497 -3.4829689518938087
14.76676124718502 -6.830287800453043
7.93726975010352 -6.052326349433336
11.24786077253145 -3.424451976200311
7.465822815249243 -5.749613753758531
8.433499728213 -6.370951954182688
14.814711408277704 -5.714700431553654
13.051305762308104 -4.582430687379666
9.753713741572053 -7.218651623613564
5.705544074150062 -2.4341402437040855
6.781458814084074 -0.7585023166607847
14.02634963760141 -7.983410560642728
12.179056534079091 -8.775946321791883
11.193999952773428 -8.143448764658
12.891751425632528 -4.479982025959978
5.272475836736454 -3.1086040619547197
14.89919548986419 -6.624033687895681
13.778371076449144 -5.049273956891601
13.710343498256492 -8.475560963096875
6.184819866091509 -1.6877124230943807
8.938728855435746 -6.6953558461273595
9.42142169888415 -2.25170893355744
14.080758756260032 -7.898673378952125
5.939976953929577 -4.769879393151214
8.796453790868215 -1.8504216546244825
7.876011046246392 -6.012992588024966
11.426479318157856 -8.292722048528441
5.858270124618912 -2.196283512947863
10.10638443605447 -7.445098872397155
7.393961182778236 -5.703471930179911
10.44698127984945 -7.663793590808451
11.516208883533682 -8.350336739887254
15.139824414738282 -6.249276341521368
12.815196688600698 -4.430826794597046
11.037675368942843 -8.043073903691374
10.290289839304705 -7.563183173854558
14.546312313783645 -5.542363354855558
6.790202990277709 -0.744884069111075
14.04485097946269 -5.220378734911497
7.628228376257601 -1.1003127421561851
13.532288454448562 -8.752865263737112
6.799558652857835 -5.321810454825336
8.236400771692404 -1.4908157464799663
12.201185148166065 -8.790154941497988
13.40970502608641 -8.943777641983008
13.677654418911292 -8.526471187780947
6.036773307180228 -4.832031616822829
6.496101686866952 -1.2029197108740624
13.179017827902705 -9.303051666413307
8.015944140277826 -6.102842594427394
14.276274520971054 -7.594175616699369
6.812152877325984 -0.7106991454667879
14.74171816664315 -6.869290087538107
5.127550966256858 -4.248226665473406
13.970424597511165 -8.070508650080908
10.623347340675386 -3.0234565130537248
5.3400133039310935 -3.003420688842162
8.144144151598024 -6.185158875058791
13.061509738555579 -4.588982585181338
10.842349999905476 -3.164076503415348
8.616114468886733 -1.7346271076175697
12.059651205600675 -8.699277042072678
13.291198427169489 -9.128340734558803
7.547968885617509 -1.0487787158575315
11.22003259598334 -3.406583709523854
13.706026606405626 -5.0028221068729755
9.852242613507112 -7.2819162847394034
5.566038914614106 -4.52977653928979
6.302362592089251 -5.002564535534192
13.308107868120194 -4.747321423277995
6.4811384723213035 -1.2262235367931242
5.262132282085837 -3.1247131938679824
9.015736427945226 -1.991221416694239
10.840010077565683 -3.1625740565591065
11.27832022047648 -3.444009762811252
5.992804391293656 -1.9867588067978348
5.635242826457004 -4.5742118600778845
12.008346755275486 -3.9127544102418192
9.744378416852804 -7.212657480543984
11.425518631141912 -8.29210519848928
13.258312010281267 -4.7153478706555045
11.56247861999417 -8.380046196009761
7.117686396714776 -5.526077930079726
9.049814146390148 -2.013102468075613
13.860942782389962 -5.102292639561301
15.092177240446324 -5.892859193563199
12.512196227905086 -4.236272436159692
11.63652600517519 -8.42759147526374
13.176299017900027 -4.662687933836831
10.64727406249239 -7.792400107568422
6.137682586411616 -4.896824719896559
5.313023586536636 -3.045454683198542
9.854182874249267 -7.283162111834929
7.355830283397136 -0.9254079381358871
9.560256420998098 -2.340853683462101
13.631842277604463 -8.597819370535186
8.754931648303197 -1.8237605934857122
8.329126458956146 -1.5503542255794516
14.01661794943082 -5.20225051480258
7.054523204360584 -0.7319408875577746
11.146818569260132 -3.359573523582062
14.774292609948883 -6.818558397907424
11.572669694064544 -3.6330093863063047
11.42483303572233 -8.291664982732847
10.841619474929203 -7.9171878618348135
5.889723020111646 -2.1472985305447168
12.461449831718182 -4.203688549882804
14.93893063994292 -6.562149858222747
4.985331422679187 -3.5558049904990137
5.594178360119757 -2.6075820669965895
14.629308081227672 -5.595654324285171
13.828078550172771 -8.292199483779818
5.677425094811573 -4.601296783111714
13.566762556452657 -4.913401688733066
5.532052244218939 -4.507953949188859
13.159949951149356 -9.332748124961741
15.232386531064222 -5.982886543754342
9.20133487979013 -2.1103928121526954
12.446000129340177 -8.947348833179989
12.31772443124565 -4.111403531517187
6.382558670052942 -1.3797524823408218
10.74251888033123 -7.853556101808753
13.054968698702261 -4.58478263179099
12.800754083952272 -4.421553304797432
9.091884652878825 -6.793696052753095
12.60280867253631 -4.29445401776916
7.589679251537546 -5.829141056935192
11.773204190203973 -8.515351528630028
5.081896507724857 -3.4054137811169305
7.628315179545837 -5.853948901019086
6.19712714712825 -1.66854496853826
6.61746712220873 -5.204890827571367
10.156199361979594 -2.723504245384508
5.5454105753697025 -4.516531234981969
7.191447069440647 -0.8198586902708715
8.190406087644229 -1.4612828994804001
7.596969169045063 -5.833821859137538
14.96548632585652 -6.520791827847394
10.709298404149592 -3.0786450562422156
8.526943331026947 -1.677370978443339
13.607039714559802 -8.63644707381218
4.9489056019399165 -4.1335197961746
14.898531249353944 -6.625068181197368
6.549961740808564 -5.161546120638489
13.209545432989227 -9.255507738436345
5.340677774001952 -4.385073814984187
7.085082010162255 -5.5051428942272835
6.041205285338759 -4.834877357272403
13.22120962437077 -4.691524702628828
4.746252329251331 -4.003397626186333
9.485200308031176 -7.046241130657793
6.2336530919367785 -1.6116591799431403
13.44701400707675 -4.836512029409947
9.901970907424488 -2.560266031954278
13.246383336006186 -9.198136103717644
6.345054818679413 -1.4381612701742648
10.567921592398562 -7.741448472465025
14.303601395609936 -7.551616531046096
9.762274316540712 -2.4705678824766064
5.630564107551893 -2.5509146228784387
8.157343191764166 -6.1936338812868925
9.965728334805453 -2.601204205286565
14.826683203199494 -6.7369648832796685
5.732016181264934 -2.392912379595491
7.6770909641577125 -1.1316870490422888
11.291680926180444 -3.452588573287438
5.732999710539073 -2.3913806235065227
8.153757134468659 -6.191331300377129
9.295235448610658 -6.924266097136875
12.856440781173868 -4.4573093218891895
7.049052198522539 -0.7284279951074328
10.37027127995295 -7.6145386663065855
5.348362299380148 -2.990417898836697
5.542609186605436 -2.6878962961818638
14.843461089503556 -6.710834873546343
5.3746139433606155 -2.9495333857166264
13.462836453282812 -8.861030346845393
10.4788694643239 -7.6842687585950475
4.9173567136149074 -3.6616693274768934
13.37998792101132 -4.793475074472356
9.96208310455246 -7.352444052970224
11.333369553920964 -3.4793565333280605
14.063569750989693 -7.925443668539282
14.322239135617416 -7.522589970788338
9.400721847626112 -6.991998135026201
8.278277724666463 -6.271285051874925
5.160894021272373 -3.282382443289498
12.649959579827785 -4.32472926717562
5.234837108106383 -4.3171143049470695
4.904523454153515 -3.6816559448945663
7.113617992776648 -0.7698852148399311
4.965542042967087 -4.144201932113573
5.020459169439684 -4.17946381350996
13.819406150825106 -8.305705945515161
4.818726494569374 -4.049932752583052
13.809507644622757 -8.321121955537246
8.820808136018227 -6.619639822923706
7.971773427688802 -1.3209004829209396
10.36622575053168 -7.611941061737642
8.802417755517904 -1.8542510722877417
13.213099822482212 -9.249972104783538
14.506786664985487 -5.516984227622247
13.026284785687555 -4.566364903048146
10.529805320421909 -2.963393872569387
10.042476257021868 -2.650483479430027
15.107426385991339 -5.902650557316962
10.800166899719814 -7.890571469381401
10.715056326199825 -7.835922598586281
7.7402991123681115 -5.925852957387554
14.891214790698582 -5.763822688500101
14.816479408144978 -6.752856352518366
4.958878733216002 -4.139923470124717
10.0033093605478 -7.378915127527449
11.28667132424164 -3.449371944873761
5.950478539988268 -2.052677414573441
8.758237022438953 -1.8258829498111808
6.174379557971438 -1.7039722396083548
11.158770188104532 -8.120827992902997
5.837653767657131 -2.2283915865343835
15.283632390605979 -6.02530868903803
7.185626697517353 -5.569701895549418
8.58537712263832 -6.468471307670531
12.065530106733782 -3.9494714179675685
10.715373079403422 -3.0825455603668983
12.950576219167328 -9.27133341463502
8.587153340500365 -1.7160313809315566
6.24026036935113 -4.962689156880936
5.2034108816530384 -3.2161663565045755
6.390010471532821 -1.3681469891534643
4.814178468939612 -4.047012498909101
9.571067362039642 -2.347795308876178
7.251768373360492 -0.858590554101335
13.742191442656523 -8.425960728473886
12.46353125298678 -4.205025015110018
8.631407806199055 -1.7444468465788043
7.679900686408533 -5.887071574064852
4.926062874284534 -4.11885264941928
9.713830449358312 -2.4394624330714847
14.622918762001248 -5.591551789589037
15.271096291372855 -6.044832506820738
6.235758866453205 -1.6083796304448748
4.882960595072528 -3.7152381081929406
8.73406617000027 -6.563943447051949
5.749992087135066 -4.647891513043192
14.202198624008577 -7.709541990839469
6.602651827781318 -1.0369776983509595
13.5739457126006 -8.687987928103187
12.20980818250437 -4.042111305061077
6.120414464260961 -1.7880178934147795
5.6819147362124935 -4.6041795487034385
4.995448094424218 -3.540049207775504
9.2813339090274 -6.915340021220346
8.419811300031135 -1.6085822924108792
12.997416338196354 -9.301409109193042
10.921263094241525 -7.968326441701539
13.566981039815488 -8.698834763298413
13.140302891655516 -4.639575086972991
13.64110497399115 -4.961136406085238
6.679386884435711 -5.2446490496777205
11.703400836903878 -8.470531310908582
10.793475965216155 -7.886275269742901
12.069617907904094 -3.9520961649144337
9.62735858567832 -7.137519911028965
14.722185981121596 -6.899709664148766
8.794501331003163 -6.602748417674709
8.21404025074639 -1.4764582210920856
10.382650245052947 -7.622487108390201
9.782504494936447 -2.483557530643542
10.699670581151345 -7.826043525300004
5.3482968285831225 -2.990519863561723
13.305218587493105 -9.106505628569902
4.725661775506368 -3.960216504864375
6.107444082955506 -1.8082180654516136
8.410059946538148 -1.6023210203376665
7.310695347132572 -5.650007551952229
11.58186151784048 -8.392491811592286
6.543285355341261 -5.157259262828802
12.986196383454658 -4.5406244359897965
13.752296683767316 -5.032531781885627
8.700406615859604 -6.542330895882586
13.494238995725974 -4.866834845909197
10.345281552609247 -7.598492946904981
11.380849822712786 -3.5098432633218675
15.166197359082524 -6.2082029142777495
8.52525600722143 -1.6762875602871254
4.9300091740272025 -4.121386539344311
14.494712678998727 -7.253978342027679
11.863457023251183 -8.573302206296795
10.04440623082258 -7.405303124468896
8.115027803449436 -6.166463482909609
11.945871530635447 -8.626219952934097
13.830882753101482 -5.082991316720399
7.6398801039228 -5.861374653565372
13.521472084164415 -4.884321010904607
6.145438284676333 -4.901804596483748
10.153814674656104 -7.475553478375268
14.417382989598405 -7.37441219764491
6.235933326068329 -4.95991079434022
11.403412955395586 -8.277911307322324
11.782698030063727 -8.52144745310084
6.372770913206205 -1.3949960104609742
14.716000083668318 -5.65131861891287
9.348653606198738 -2.2049850785685132
7.44744575732463 -0.9842335574500547
10.447058417562802 -7.663843120364605
13.103576624438386 -9.369573845094527
12.428507302520558 -4.182536395134808
13.89010075575083 -5.121014758951924
9.139412737962228 -6.824213485234647
9.12980066807987 -6.818041646139339
10.972184593305004 -3.247442337130021
6.86921977018351 -0.621822725708423
13.19353987283986 -4.673758159486093
12.116076033421912 -3.981926584259575
9.074751797007133 -6.7826951725080145
7.335573220827303 -0.9124010278392767
6.4817002299754645 -1.2253486510831495
12.08431471008613 -8.715113296185852
8.202574660715639 -6.222676673508495
6.7202486246567394 -0.8538315385025053
14.494852082332251 -7.253761234199208
13.252438883044864 -9.188705147982597
5.793418861175789 -2.297283371587813
6.665797289044265 -5.235923270823338
6.492475308589708 -5.124634506994352
5.848799129487088 -2.211033713926335
15.227884926277682 -6.112130220612843
15.19466986850783 -6.163859608158468
12.53726496595955 -4.252368887755255
10.435798392086145 -7.65661314115081
5.181213354875125 -3.2507369561767323
4.971549693909888 -4.148059400423056
7.83876700330138 -1.235498039949948
14.02695460567969 -7.982468378684445
10.353695476237277 -7.603895465137574
11.193562118077978 -8.143167634233052
6.143724147227999 -4.900703961485477
8.677861737894615 -6.527854996214126
7.963352594784114 -6.069073951405308
12.95938926365316 -9.276992205423273
7.626480912777973 -1.0991907087593011
6.681848665240789 -5.24622974095471
5.614604236666112 -4.560959973969855
9.76794078302711 -7.227786701878447
9.227367990949968 -6.880688903710711
7.411942762301569 -0.9614373465021941
5.000044712393068 -4.166355841382018
5.068171094312653 -4.2100992881629065
14.474258531207553 -7.28583378979889
10.430444524165132 -2.899595038979555
6.227833525265082 -4.954709972053916
13.560135836763914 -4.909146720953057
5.74559094190966 -2.3717709425070543
10.721335927307795 -3.0863742609762364
12.391959370863816 -4.159069238090341
13.538552892126141 -8.743108980107431
13.807404522911181 -5.06791611848
12.320829080057019 -8.86697742670652
13.718685046408675 -8.462569771569084
14.628772789364742 -7.0451920905755605
14.191156849216245 -5.314320653548103
11.827552992399776 -3.796668070092343
13.159080840534127 -9.334101684547479
5.520544011320021 -4.500564597822011
5.311935050376607 -3.0471499778227384
13.872067513191894 -5.109435747063479
8.483005099043815 -6.402738987242245
6.589014504781946 -5.186621612017624
11.386247620997313 -3.5133091497426645
15.285779829164078 -6.01716998620464
6.843083794800156 -0.6625270956618472
5.109717043545533 -3.3620858637257705
9.827744645943241 -7.2661863206612445
8.963928895310627 -6.711536605652271
14.477082640782085 -7.2814354997322415
9.630995383524569 -2.386274648959203
15.087654506028198 -6.330526160340993
14.844489103293412 -6.709233836928966
8.854576372158753 -1.8877417348901795
5.834634288313086 -2.2330941469892367
5.672787242518375 -2.485155986322494
7.535174220889763 -1.0405633561124903
8.761431145230732 -1.8279338724701701
7.59287208909261 -5.831191154353176
6.184929124981355 -1.6875422624553447
13.074307270426191 -9.350780209010127
6.152169885054883 -1.7385617557706556
7.034366304049652 -0.7189982907080008
11.892606893351296 -8.592019122643523
12.958817450866938 -9.276625048655543
14.365826498327033 -5.4264747454699815
10.076725674909525 -7.426055200868227
6.509358475882193 -5.135475064046441
13.626776684879111 -4.9519363174474265
10.07696595261015 -2.6726290582930865
14.54475711609855 -7.1760387491124105
14.300032442626001 -7.557174845992206
11.163311765169603 -3.3701636828886916
13.095354488253808 -4.610714049050716
5.243647245881536 -3.1535019320430857
7.245918230528209 -0.8548342205865644
14.489600761752047 -5.505949286057893
9.238869911299044 -6.8880742018359165
4.752269626715382 -3.918777231854989
5.563912037405629 -2.6547190717884717
13.544080982351101 -8.73449948968849
14.152667214081589 -7.786682591272808
12.195366510436244 -4.032838414064388
7.360370660301079 -0.928323280619467
14.01182840117708 -5.199175181235193
6.414352277364771 -1.3302368727187348
13.67769007938661 -8.526415649881223
14.010100114369664 -5.198065461037934
11.498587078507585 -3.5854414858880785
8.573752604374803 -1.7074268672172481
7.410890971248892 -5.71434242234625
5.162154987514769 -3.280418604723063
12.78781525328174 -4.41324537716506
13.953947800963862 -5.162010475232439
13.744276119182192 -8.422714037149403
9.811778683130628 -7.255934693832984
7.454166220925506 -0.9885487175038321
6.303838348920555 -1.502352118559716
7.327637568701089 -5.660886027318896
10.805506044534894 -3.1404192717300834
5.550602201264024 -2.675447913409298
14.150685729917992 -7.789768570015475
14.605841277105243 -5.580586462638582
15.06412436095446 -6.367172190041082
6.226525390778406 -1.6227599167862214
5.380309501849988 -4.410521054792129
5.62618359948085 -2.5577368599861954
5.166327873000162 -3.2739197206340105
15.154241054982357 -5.932709910593504
15.087361384023964 -5.889766967715001
9.204696591618198 -6.866131765606882
10.10969598951431 -7.447225196420992
12.302174652813648 -8.854999556719067
11.579411782211205 -8.390918854433739
10.340429248316426 -2.841796895035809
12.891408716916729 -9.233342398336632
7.253804102112813 -0.8598976805012448
9.982177362458046 -2.6117660044815945
14.358207446586636 -5.42158260860705
7.552059973199983 -5.804985996097864
11.448943713221261 -3.5535658476076
10.291921871631942 -2.8106506666483577
9.150932668428254 -2.078029924410473
8.58324167440682 -6.467100152129375
5.456592395642888 -4.459501737618654
13.106450548089134 -4.617838747136945
5.710960507254303 -2.4257046489474643
9.309832054397466 -6.933638469930289
10.909310772873383 -7.960651944407781
6.98165003068916 -5.438729983956138
13.053189208972356 -9.337220457687772
8.609214926357906 -1.7301969623064846
12.943438418045572 -9.266750285240732
13.551077656885045 -4.90333053053903
11.156040859761303 -3.3654950882148653
5.4094188360543045 -4.429211943339486
6.920635521807959 -5.3995530183386595
5.519543347280727 -2.7238192125218124
14.544336376029829 -7.17669401294551
14.984296145722135 -6.49149726908932
8.77459846982988 -1.8363885143668934
13.747030186929647 -8.418424830765295
7.077991073159755 -5.500589855937923
13.587265353931436 -4.926566383600186
13.013205596634215 -9.311547275447072
9.409481182539814 -6.997622439294784
6.999827557872333 -0.6968212168239143
5.369538771476655 -4.403605248351194
15.07704188959913 -6.347054331146422
15.102174865669689 -5.899278594896002
9.276149452200825 -6.912011119774371
11.336120241487777 -8.234703152615939
7.032892051332165 -0.7180516839240809
13.102407428486705 -4.615242689894886
7.655839618170722 -1.118041716705377
10.306387657562102 -2.8199390409777996
11.05343880117585 -8.05319548712997
11.664480926439143 -8.44554112378635
12.450734639682622 -8.950388827310938
9.228100905023746 -6.8811595024255965
14.226996321562444 -5.337332914100581
8.183249684726425 -6.210268249122713
10.645833131887793 -7.791474896667137
8.521089852503017 -6.427192926218078
6.07507256842561 -1.8586337122392513
13.646288619707967 -4.964464786723626
5.239046390411106 -3.160667339892754
5.991274085804251 -4.802816902746552
8.582758943760547 -1.713209771233433
13.93308284460518 -8.128664984508845
9.359027100466891 -2.2116458226395306
8.48592953484852 -1.651036322765735
13.407879459133953 -8.946620794056638
15.056486962772626 -6.379066732965737
8.717812425008049 -1.7999266142986787
9.130647799729921 -6.818585583116561
14.317767724230531 -7.529553781422383
7.74348174247914 -5.927896500681095
12.789117138169075 -9.167661730950499
5.481813414656106 -4.47569596769338
11.561972994109702 -3.6261411142504354
5.889168588173606 -4.737255716671615
11.408085946785494 -8.28091180058811
15.1274951249265 -6.2684780727137435
5.108139088143753 -3.3645433836576637
9.88064537036442 -2.546573062077174
7.356038280151184 -0.9255414913157995
13.553244808928326 -4.904722042863629
8.315535389115249 -6.295207923104448
5.144523341084557 -3.3078782670718576
7.774568871823468 -5.947857316883685
13.695758329138334 -4.996228921861282
9.586409976079153 -7.111227111172563
10.821465623137065 -7.904247222416446
6.638473955829017 -5.2183791603231136
10.734008548275927 -7.848091680436893
9.83280820823207 -7.269437596617225
10.510388900624074 -2.9509267327893163
14.19985783896906 -7.713187547541772
12.316224018129606 -8.864020550447009
13.276645870662824 -9.15100499847576
10.733241878275662 -3.0940189841783794
13.715284534796817 -5.0087665543318085
15.036169551436648 -5.85689707001454
10.283411954927528 -2.8051865119702373
6.032653951097509 -4.829386608699711
7.576375778051466 -5.820598994843501
10.258101768698774 -2.788935028284831
11.49926903764768 -3.585879366816303
9.975458191930695 -2.6074516747007785
9.699884196859934 -2.4305076473223197
14.408595485232848 -7.3880979248242635
11.226522099849781 -8.164330995150056
8.8091505452904 -6.612154569997784
8.003485413262698 -1.3412625146945532
12.520567063626595 -8.995227711078158
11.035962549207776 -3.2883936916745755
6.140547379946317 -1.7566627350065787
10.39258548143795 -7.628866450310574
6.719713925850009 -0.854664282554471
13.110855515555302 -9.374247567332887
7.961518198708897 -1.3143156761182269
5.677510534568549 -2.4777998947977515
7.998346978098386 -1.3379631634180917
12.548779860146322 -4.259762516285847
6.919767463088148 -0.6454152211319863
5.460338837157904 -4.461907300051475
10.754955740988803 -3.1079612950898996
6.976834550433643 -5.4356379996418935
13.585274608464154 -4.92528814063544
5.404476227079291 -4.42603833061318
15.045131805557837 -6.39675134252672
13.101540386293465 -9.368266391617388
6.65149559759001 -0.9609080339496376
12.62299294682192 -4.307414191245943
14.569933410666408 -7.136828993474241
11.680050857226108 -3.7019580382627844
5.9285433823122915 -4.762537981242
15.139902554507879 -5.92350326531527
6.035981107644548 -4.831522951350622
7.139445724676725 -5.540049433891787
9.177402415251729 -6.848606376503962
4.714310525103262 -3.977895029926664
15.102306342046901 -6.307707277745086
5.047460264354603 -3.45904505254986
13.809770072268641 -8.32071324869438
14.201518320484091 -7.710601500803613
10.759137606251112 -7.864226863008145
7.562651824483998 -5.811786945596404
10.56594065861645 -7.740176529510876
9.454821811536508 -2.2731548992628947
9.353661241098424 -2.208200443960896
5.54485568225463 -4.516174942210148
8.742694873140744 -6.569483873623537
4.884394093042827 -3.713005567380719
10.435926621877341 -7.65669547655288
7.60957672603379 -5.841917078384972
11.039807655021812 -8.04444302883774
10.563022529783407 -2.98472239742235
5.516276361050718 -2.7289072421127707
9.613463414631884 -2.3750175011904195
14.697455187878166 -6.938225592582927
9.956883657039123 -2.5955251030024864
8.109259053717924 -6.162759411303832
6.788583405273758 -5.314763329393549
14.809794444760062 -6.763267566133073
13.251842851722829 -9.18963341176767
10.109241812282505 -2.6933531494616387
9.878192241396743 -2.5449979260810944
10.36007004658871 -7.607988529689984
9.929216878448006 -7.331340891874925
14.620538553741305 -7.058016152742129
5.964985929645797 -2.030083493856226
15.217533924330192 -6.128250951003781
9.894151279259077 -7.308825529562401
5.852085096810187 -4.713444680694099
12.318383201267205 -4.111826522883625
9.984747459722039 -2.6134162449570373
6.274821039002299 -4.984880307665696
15.228688221910003 -6.110879161789883
7.733727865533576 -5.9216336083176175
8.478494871474334 -1.6462625803112125
7.538499052693547 -5.79627862917541
7.886656791267553 -6.019828142294173
6.621337824259744 -1.0078759830925863
8.427370490304149 -1.6134359926676254
10.160572214201494 -7.479892444619248
8.86310621673975 -6.64679910822319
12.21476501920656 -4.045294053305945
13.737878686871966 -8.432677447647308
5.418650051296709 -2.8809512110532176
11.59193925597562 -3.645382229721695
15.066249041541028 -6.363863196083138
9.079014582372569 -6.785432275514474
15.11622018719208 -5.908296992133952
11.066084544146918 -3.30773480220221
13.636068004680334 -8.591238190544939
5.0603592884121795 -4.205083385277099
5.757951605134507 -4.653002260777029
10.941874205390128 -3.2279802608637747
6.891121178513011 -0.6270216533323376
12.744258992428701 -4.385278223693613
9.353498780124466 -2.2080961289691405
14.070304468356063 -7.914954967689531
15.180104350685436 -6.186544058128666
10.232638823465903 -2.7725854591708634
7.579067444948114 -1.068746871169909
5.455260549504513 -4.458646569047643
10.995549764637484 -8.016025364225133
6.247000056645073 -4.967016660326083
6.193556336514565 -4.932700842262221
13.374400604019428 -8.998761021624603
12.273059814380154 -4.082724710834315
9.141378515355271 -6.82547569638329
10.535049520034413 -7.720341557529546
6.644769837107716 -0.9713827852789407
6.469922604717802 -1.2436912156375248
11.612308967630565 -8.41204189427653
10.33002923315649 -7.588699545208494
7.564441909579996 -1.0593559229059535
12.012982536365806 -8.669311434161488
5.531139255475548 -2.70575965552481
13.558806073604844 -8.711566518823663
13.513225725387578 -8.782553705229692
11.120407752983514 -8.096195756582533
14.654442499554875 -7.005213885635795
11.973992537397631 -8.644276243728735
12.97067959407115 -9.284241643216124
5.811507332861083 -4.687389998091254
14.343703781439013 -5.412269912311778
12.956897612849662 -9.275392334840861
5.221065102450294 -3.188671536662167
4.7494899502528 -4.005476478724569
12.315484588878261 -4.1099653452722285
9.600459846869308 -7.120248429461753
12.083177527500194 -3.960802696531969
5.290213299191297 -3.0809796009117716
11.779683636655067 -8.519511933351618
14.85745311901511 -5.742144568410543
12.31187087156454 -4.107645004069013
13.398683467992775 -4.805479347140002
5.845564938535883 -2.21607066789675
8.611788901713158 -6.485430115988174
7.40037407904526 -5.70758960351972
7.897004217519081 -1.2728917251717196
11.553552738339807 -3.620734530196307
10.23576612178529 -2.7745934743295657
5.4487322526787745 -2.8341009582461636
13.64797641372204 -4.965548506797281
6.256788889678253 -4.973301997735302
9.706625091022499 -2.4348359256888976
6.18993192515343 -1.679750862822452
6.697966262097151 -0.8885342620763685
5.682740552774569 -2.4696546240436104
9.662968499419161 -2.4068043505835335
8.533447275343727 -1.6815471130635906
5.057710369518962 -3.443081459588362
6.50929916141381 -1.182365862068849
9.184053715092654 -6.852877127018186
11.983421309359578 -3.896749965470344
5.0389061663241375 -3.472367270899962
7.185491125765214 -0.8160344228159557
5.061495768122557 -3.437186050562225
14.213725964739822 -7.6915892213399
12.481840542103486 -8.970361697567348
12.196965093003012 -8.787445275238957
12.724075325495809 -4.372318440193525
6.910736036946711 -5.393196632207698
12.158563247697641 -4.009207310817641
8.185744749589661 -1.4582898887351883
15.120092637635002 -6.2800067636031836
13.07828987531698 -4.599756987090202
14.71420085858491 -6.9121457556697194
11.127925098613591 -8.101022588703032
14.84055030245096 -6.715368155786881
9.020826986912574 -6.748070450130636
13.510495504322767 -4.877273030040071
12.35392034797562 -8.888225085488958
10.181198649101255 -7.493136526161434
9.391110628037556 -6.985826841898264
5.19372193030796 -3.2312560041732077
7.626867152710473 -5.853019133680424
14.723752498309963 -5.656296387109932
11.448517107544138 -8.30687235036489
13.00137922454578 -9.303953649255796
5.562451137408408 -2.6569942887290923
12.299997004493703 -4.100020881700244
15.145535139678842 -5.927119906662167
5.887466609926508 -2.15081268119704
14.275422719282702 -7.595502219228681
6.558012003717932 -1.1065001051745131
5.009092050046353 -4.172165070083057
6.750170903389618 -0.8072303504646428
6.192232795700891 -1.676167469258405
