2.746451310461199 -0.5986696508583065
3.7237575789916875 -5.908274904754964
2.334381386152656 -4.933627873199569
4.53146882650374 -3.8113221487387006
4.519962773513188 -5.232206306900889
-1.466569166245692 -5.961509425578088
2.075945321663459 -5.62683052287467
2.436472130853153 -2.13160943302419
2.309447167888857 -3.794972083886346
0.5018592476470389 -6.195056535049483
-0.03133268739657935 -6.902899298798188
2.358120368203011 -6.373081915476746
1.7707636968369889 -0.3385671093080518
1.1220492860590627 -0.0004275024937983041
3.5476572825886468 -4.769370571881293
-0.20927038133379505 -3.7062699149420144
2.929644495339143 -6.68026425174174
2.6755306860355033 -3.252254269508094
2.348133674500036 -6.818717220012188
3.004974540997572 -4.834643606715985
3.7918491128172924 -7.8811246320841795
-1.6619034704092883 -5.477922040925767
2.458519091493305 -8.356117046400655
0.6270024794813978 0.13601023693404812
4.363446587032317 -5.636553545565873
0.9870085575847912 -2.064522193887255
-0.8190096962924545 0.19571313448816374
2.923865803772458 -6.759678406640084
0.7646713895476687 -5.625154822828241
3.984153261325287 -5.555115009838188
3.514174848735269 -5.148122899632861
2.5172802733803525 -6.788449511130679
1.3631818374162852 -6.319958563297051
-0.14060746452631134 -7.222883220915297
5.5514686318530915 -1.9397751527550449
1.749673178116367 -3.667221545835839
3.3181859903989728 -7.79328557462734
-0.7518345630664627 -4.038836106743623
-0.6705444433469323 -3.035538611258138
4.342791751173316 -5.389057342066901
-0.1871778731640521 -1.9895716854201173
2.5499611689221284 -2.209634505562067
-1.8391362009070853 -3.1212389273419467
-0.22986992202855272 -7.414281492736903
-0.27813510393303287 -3.6927220905892058
-3.1057863307338076 -3.559321078763473
1.454957476371073 -4.194615269104448
4.343502762089494 -0.5783991275590679
3.8140153205497462 -4.933570064882745
-2.045746084247601 -4.2975031260671335
2.89536802022684 0.5274104983219283
-2.155052767010777 -4.387247725327638
-1.865519398561246 -6.607958845860744
1.0815246680312023 -2.834227759530711
5.790959589167289 -5.567964903976341
0.043718006016267186 -0.46383698568642107
0.4088951690585525 -4.310895692181221
4.079412030431303 -7.613986017587932
-1.2076968971738242 -0.3601475432812382
1.0761215045059724 -5.149686314659754
4.943131852724948 -6.635117008877005
4.514869658672125 -3.609912164518947
-0.7299927594616926 -0.02621562364199015
-2.1921630517115656 -3.1648127607173513
3.701758238076403 -0.537870851346697
0.11259719370754095 -3.3665228939727916
3.0456933521827985 -8.145867114908771
-1.4894365448793463 -0.9628846045541941
1.0532078287092157 0.13652350000897462
-2.23598288971203 -3.027130001137615
4.826679397347197 -7.041544719609171
-2.3778704363000003 -5.991626317757971
-0.8929700899348314 -1.404832813302105
4.150855921706901 -6.766729935657097
-0.6288892567326385 -2.0475141954719573
0.08978802685799003 -0.45769088068362596
0.7007958758881505 0.8480064947265964
2.2933443470953643 -6.877112373153023
0.22009140523498005 -7.3223616874975015
-1.7275681225911408 -1.6423066648408073
5.261643590473898 -1.335721552817584
1.3614966547914937 -1.7917371942204041
-1.9764018915686632 -3.599196416581958
-1.0858963161431296 0.28717186565140684
1.9610825527796787 -2.9700581449733474
1.278174531178274 -5.149915987773991
-2.167367137916016 -4.330455378943284
-1.2878326300651943 -0.696538568320554
0.050032305047140735 -5.664389930537132
1.699907660411777 -7.383039204361462
3.987145098756339 -2.941676554212551
-0.5792490498216416 0.631992502621535
-0.43918665804790336 -4.021944922737648
-1.3076130550260416 -6.382431261758185
5.144664843001155 -4.463749031902502
1.3078661726607796 -0.26209093168607334
3.3526221285615962 -1.4732326994328258
1.000611586060558 -6.939726620858061
6.157166168500814 -1.6819032467784143
3.13896096995877 -3.9894752468456476
4.936216424849323 -0.4962040320599779
0.39644340490545416 -0.21376720836331797
1.566108761296953 -7.005098280954088
4.645843250233472 -0.1380826924382319
4.304131720297616 -5.172939308761184
5.364156142006756 -4.351810238367511
4.602744676781257 -7.413320513021592
-0.8329492550764532 -5.468583073212346
0.711342835638761 -8.55831821664248
2.712208497781365 -7.777094349924572
3.8571306010487785 -2.9030998079586925
4.609505274993557 -2.337173088789833
0.8802931469427817 -4.4710842260664965
-1.4243818350175765 -2.2970589340896908
0.26800397468099724 -1.415281564727556
6.235703673886904 -3.697286594581584
4.320772787291753 -2.738964639128657
5.340139813284062 -2.265522382036278
3.99634803370948 -4.891691747880605
5.259602412485271 -3.678132058448686
-0.28802890824986016 -7.463048031285882
3.7828234646200665 -4.39493843702639
0.13590796262864835 -2.8392003196265487
2.285450687467248 0.7674676025209175
0.978104146146288 -2.007527736792369
4.849819957786716 -3.584115002231317
-1.4415394065493234 -1.9173823603242963
-0.36877923264737844 -4.255487926345361
-2.4010594404197487 -5.7221505704266376
4.876568565768133 -1.5315330179741329
2.2534501154219955 -0.19997949341210264
-2.200899193859576 -1.372510214923107
-0.6842982841977305 -1.3950288596358762
4.87934108469106 -0.021260146976369132
2.5129225704974503 -3.405758318456048
2.4608678395828063 -7.182890437539094
3.9640184186153187 -0.17326589541375892
6.385018569936054 -2.5270641861380367
-0.7324447471498636 -3.123180588785473
-0.2846394137458914 -4.554002242352252
3.3383096437782607 -2.0701668551875643
-2.5456814543223416 -2.163959682420714
3.6249987151723557 -2.7315128041028593
3.726286845844216 -2.1857868595290246
6.020156145238593 -4.658652416986915
0.6153157621950738 0.2904385031655763
0.8315119829970788 -7.72592483380663
0.9546884497514888 -2.9245314285411266
3.155812802464667 -8.314162485871016
3.2286422777983743 -0.06129323699004319
1.363059297651361 -7.542610370029742
4.230774100845048 -3.54536416927345
-1.7572121605279534 -3.449998340968845
-2.3185480230403464 -5.754550605886797
1.797184288918415 -8.380425674399428
4.959686829988176 -1.3852989646349854
1.76725832847426 -0.7164067895878721
1.2752713834816938 -7.363381119208771
-0.6650787176487649 -6.674691936732511
4.225262178720353 -5.400132591983523
-2.6113197811209847 -5.0912046216757405
-1.8154314673475918 -5.622790397223951
3.8631450628351613 -6.262975307832654
1.5767180805133567 -1.72940371915829
-0.5289326455433134 0.5673398005704362
-0.1319068396127654 0.7919758051327239
5.505132764732535 -1.7524892691428493
5.058907135859212 -5.339526174405972
-1.9503902134832993 -5.497669316442129
3.9623345086278805 -8.097772612827624
5.0655863042301545 -0.00571451666672429
0.5184650878993409 -4.315874253172996
4.049819738266841 -1.2915788442362786
3.5344080147360515 -4.568077192160221
1.1370339044868127 -1.2936391623419934
2.257839199916389 -8.395522031886994
4.758839213625822 -5.565693784176073
0.6261773885760233 -3.2764558176372303
3.313538501563638 -7.593111781759472
-1.1367817017825554 -7.652856608068344
0.08391899160834515 -0.9622183414816501
5.1261753788899735 -2.285097601942665
3.9476184181223113 -8.074063426922919
-2.4292586370088767 -2.7292296373019265
4.278594751322487 0.20201566949887928
6.602918689613331 -3.2379984392072423
-2.851668622061779 -5.252499853194221
5.07937447564705 -6.104230643339685
-2.83431764693064 -4.758811999644523
-1.712088123914967 -5.385588372059108
2.8396619068236353 -6.8530510089837335
2.254402606850378 0.5522645270641613
0.3324495713057203 -3.3685292403434466
0.4773605456349126 -1.9251133572257775
2.8536659625820966 -8.129427096423917
0.9484961559122217 -1.0722258393589001
-2.8840311617492276 -3.950149276707898
0.030853531947943935 -3.0511535031731882
1.1580459313969047 0.8759055466496548
1.3788450130272323 0.6978682718467422
3.9914904660024355 -7.461859204189768
0.6371653717778789 -1.661849467022546
5.7884997217534515 -3.456320242140635
2.5490016111404215 -0.5173724613495558
-2.4754769930530607 -5.582449041677889
0.6811581439872776 -5.135536723920021
-1.2651706019922562 -3.8154047940047424
-0.6536129049810653 -4.451035397402845
-0.5494527902989959 -3.0008676428995473
1.2536603524832168 -5.660568265687647
4.954346132847093 -1.6484732051197226
3.257180781551402 1.0651038492556717
3.901908253303117 -6.59377669739711
5.886122301410664 -6.1727801925518975
0.21640462018298168 0.5214213768338594
1.5469842426948355 -4.177959608510641
4.554894346528282 -3.6989827813238794
2.779385190588201 -4.331125302122342
0.03760881988301201 -4.957292851656904
3.7156283901586478 -6.531751517416309
0.8966907907474663 -4.904515053540482
-0.18473765047523183 -4.816745737712382
0.8743712396666686 -1.9963543903439056
0.013157187461742659 -6.261896882431504
5.659944112355491 -4.971546384198914
4.926453864752178 -7.016340427139276
2.600701336179826 -3.115197777377424
-2.7408071120067667 -4.872376581005307
1.2830149319451345 -5.439907168869583
0.14586708036652607 -2.218518389634605
0.5015562804717459 -2.5845465185537257
1.472604030088831 -6.674753474027344
4.659639544177033 -5.969396975103981
3.4059793524297874 -6.539693742493181
-0.33223414788215444 -3.4934007070395103
-0.42541252542432617 0.4434388349906513
-2.9482403308846283 -4.761592080780167
1.315586694642456 0.07066384153262639
2.3156040086618077 -7.99481600428906
2.95948767714025 -0.24160737502468388
3.1572707518451195 -5.57187474207867
4.299734700133485 0.06437430317421367
1.2854844238133984 0.6536675132224179
0.35655479184257866 -8.00980200301244
1.6485484870908975 -5.933747105413877
2.5403387320992197 0.1843539972744508
-2.8308032056467596 -5.194118794405325
2.64463021689858 -1.356225317207075
-1.7164664355779051 -5.5362819939725405
2.7524906018210236 -2.515130775944643
5.082408289022808 -5.712152697306809
-1.8556453501481116 -1.1301287140834324
0.5172916887440575 -0.5132014766457456
4.195527102924315 -2.8821885251077495
2.6827237736073295 -4.32300783557221
-2.0583750632302467 -4.557461956516307
5.316790182413163 -6.894917179410275
3.5886133836450838 -6.806595155724567
4.582545650127831 -0.7157805099769123
1.3430054470011803 0.48822400064766125
6.121734993128235 -5.0365284316771115
1.8932645503325827 -2.18845645633572
-0.7909610870689592 -2.0751978733130994
-2.1414281130533883 -4.009263265195561
6.264587889030941 -5.4234574911505415
3.7067437208928506 -6.988647399528608
3.024552318282321 0.5193642824859488
4.729546033163858 -3.5561028082301798
-0.390076860155917 -1.7945644994231977
1.1736796118044044 -7.248955314207253
-1.5534024074242512 -0.6916575764814374
1.4361175793493564 -5.390646275896855
-1.924800872923038 -6.514499287572849
2.8246518732323276 -2.738298699998937
1.532258369584588 -2.8366546134045367
4.9565348891712775 -2.9103170045866724
-0.30144459581993366 -7.4101509465648885
0.8613688149616066 -7.945978947547056
3.335112529753898 -1.1205579253522706
4.433931114227008 -7.7948592750392045
0.562317075224767 -8.160013715507752
3.0488970917898 -5.3528945145641345
2.0863554961782116 -7.109650694071133
0.8159993206837978 0.27743653167514104
-2.819718583360274 -3.680280167969884
-2.9005492276125775 -4.521374182482795
-2.1513179799814592 -2.315670016005426
-3.1581195298312137 -3.7101938776051675
-0.7049528633290885 -1.740517803484415
3.0003617218080834 -0.6336708229333889
-1.8330163112548277 -2.783629235026365
6.469135353633598 -3.422556992211987
-0.8931131371700827 -4.379278312388959
1.0727170021955181 -2.923687849703657
-1.9775393259290601 -5.866690109875228
3.9237610212988354 -3.1619442388324686
0.7549743633058843 -3.1317241125680644
5.691109250238301 -0.8603778165232501
5.936863074724334 -1.8641832563823582
-2.273101259648282 -6.362180850021694
0.8068835176281696 -8.533912542742595
2.988538544254654 -1.5645820175452347
3.888168650806218 -5.185862325564248
-0.6045669864882626 -0.2822479319516771
-2.9166129769574587 -2.7468606758846605
3.0177517944856875 -1.4277566760413865
-0.39909860031536737 -1.8145783350483777
-1.7692096526146608 -0.23863825358720936
-1.8563673516902635 -4.821703375837497
-1.1535674750476141 -0.9568602831688038
4.578319326950748 -3.4190572469341443
-0.41291670845753026 -7.734303899602429
-0.6645220863099992 -3.041010488362229
-1.884637785113392 -1.932989715367764
0.3955368481132042 -6.32097917237308
-1.1121512015774637 -3.1223363680267333
-0.6863919457531436 -2.6513006344405294
2.998321151319839 -7.3080955784674595
4.916483907304448 -0.0034094948486864673
-0.4618136005531668 -2.4880291557969594
1.9558322126620102 -3.878094661163371
2.3266515966833676 -3.039020032018959
5.839120166318868 -5.798416313573114
-2.2292872037956517 -4.870036573838298
4.145205743144782 -3.6802645241945404
-0.8325806693065723 -1.198391833577198
-1.3545859107631475 -1.16872144699418
6.592736740489847 -3.7539126297917944
4.741869719177749 -3.258467396655004
-1.2354802906267601 -7.600415326485176
2.9031641259946825 1.1520097756262029
1.1143258234160331 -4.989836980290923
1.088429422079801 -3.0212938665852036
4.344675435341344 -3.211459942582335
2.5722212967404903 -2.9314931358483154
-0.05183846846793383 -4.867777207266943
-0.97140803229917 -2.8104257683808944
4.95827056426596 -0.01963133852639487
6.55440341972199 -3.857059838778439
5.461273479490917 -0.3827035439774056
-1.6908257633754846 -4.562354021724848
-2.6944259551502157 -2.176307562501597
2.3500332585562718 -0.9691384270126138
6.614976465413691 -3.9406217262882546
3.5966235423501525 -1.2764431221467514
-0.47384520639146266 -3.806890871986684
0.9718335952909516 -3.160487863448738
3.41976245474488 -1.1825462106720854
0.5614667543397971 -4.553136694877499
5.945656524922415 -6.088532569962986
-1.9504950613223249 -1.1647951853101568
-1.3490790122868732 -1.99507997749523
5.712185136179178 -5.7658882292599705
4.9598881976545615 0.13277087101446083
-1.8160776100430376 -6.424607325689159
5.39967589843558 -6.23948044583943
4.102101854214678 -1.413859927947306
3.603858561924185 -1.910170296593897
-1.870877683728626 -5.676296250453776
-0.32430290175073595 0.5891405962518679
0.6080691053481435 -6.865612153138846
1.3580369864510244 -7.120459180839207
3.9504850038168984 -3.084137719246179
4.482943395881899 -2.0224412239842677
-3.0020572683083087 -2.712113210940929
4.884302486711661 -4.204316535280302
4.183786468799869 -1.8625287548189347
3.437221538260463 0.37696003503523734
2.7570164001387294 -6.370002940722234
5.82006320317295 -1.0976705411512917
2.9074340497376525 -5.760006725893082
3.076014850288945 -4.493048963741159
5.199386570332117 -2.533210889225991
-0.5855765597427942 -1.923504801934224
2.9131919906159522 -2.4244274775671997
-0.3923164787904019 -1.2523746793295452
-0.915038247805793 0.3239959801823522
5.835246940224142 -4.297286027841927
5.553171481210658 -3.8644713894842644
3.3312317321631815 -6.708202027999839
0.4531394708902996 -7.984790729943454
4.025079774048306 0.2763285046039856
5.4493123771658905 -5.595441655756474
2.39246149562308 -4.328221362014905
0.42828852270461426 -3.2451654173078675
3.643361328700947 -5.370175022774109
2.7022478532800998 -5.322635857040521
-1.2457263377769052 0.006258136228267208
2.612005335861163 -3.993625647603792
1.2646694522716193 -5.912419811082035
4.777439224482506 -0.49674368966977145
2.962363199439984 -0.19770942876924957
-0.08315862138595853 -5.4694164198026645
3.993486698862279 -6.112403677746159
2.9659957747906738 0.03965186579757507
5.841551377592904 -5.508021812741301
0.17589174992635392 -0.8825608058688985
5.300390301301401 -5.619688320303556
4.316981415300785 -0.5368218189280172
4.676092542465313 -0.054507322547584725
4.628901586629514 -3.0532126957925474
0.18055692437867266 -1.7378459976691116
1.9823186659011156 -3.9629460393454172
0.42433924216948715 -5.985533436764472
1.821127695763649 -8.24631901657547
3.3663394819952197 -4.07328705782633
-1.3689994451887932 -0.820142946818172
-1.8653567433722127 -6.445401527458963
2.266308419066209 -4.237141544225356
3.8274504891850105 -4.03504013100644
1.033125386108665 -5.916792875746737
3.474288394480251 0.004639730134612385
1.4378688945124969 -6.155066614730059
4.589781659633136 -1.6472099011030736
0.7948008467629879 -4.648242716472898
-0.5382867251368608 -1.8078996515597712
-1.3376223761647144 -5.258948123251637
-0.3509540572811958 0.8096436664942992
3.249447484986481 0.01118702715797193
-0.3868834071208258 -2.914039857135095
1.7689365251052036 -6.9189895961674
-2.0539685904525617 -3.676188730454048
0.6108550486958273 1.1501712019978374
4.7904102599932346 -2.5114377111212223
1.8555687867412909 1.1257409847189814
2.3972712986070253 -4.94646325268478
-1.69222312233413 -5.690310164039187
-1.1491997833499246 -4.564964342780716
-0.8600938221699883 -5.033239601898146
4.425845052224948 -3.078162547828702
2.8228612289796815 -7.493991227398185
1.230964030366981 -5.4517932216929905
3.043983552344433 -4.62253293134
-0.825230517636504 -3.989339827310155
1.697145334873333 -1.259929172814049
-2.5049858280614963 -4.445594067785182
-2.864875031645915 -5.024489622437332
4.313515371634731 -1.2384022430072648
3.2446425788321953 -6.624454356883522
2.0901050082427766 -8.397485537298367
2.4955958173889297 -8.315619876940243
2.958395006481999 -4.693906170679447
5.374906379260858 -2.7700995496416843
2.59742332644246 -1.3780826049232506
4.493787421448362 -5.786143839580759
-0.8004275989039564 -3.818227700702056
-0.35919248122575653 -7.744974674883118
3.52885006328619 -5.864875269393593
-0.26769871830004743 -7.796356911196167
-0.5270197422083311 -7.098527686301836
-1.400484465491745 -4.016709104117465
6.398893648987562 -5.609587922291114
3.779236788090178 -2.7435986745510563
5.7601936630989545 -1.1437902545504168
-2.4660126424676605 -4.801655922460546
-0.805821846996132 -5.385879767848307
1.2382145992502789 0.877420401579589
-2.0424036268585963 -6.614310462145267
-0.6049120050398182 0.5759198886510433
-1.96451777609776 -4.0992749408657
6.4951244288588725 -2.54160034925681
1.6135302825482605 -8.397826704365894
3.149369873917621 -5.487270165083776
-0.4031575720240299 -0.8693371757983179
-1.197209485177391 -1.4545567897102103
-1.0280069714746307 -1.3481829984544742
-0.12395058005228421 -3.9082321735373586
5.9030768203942126 -6.473547164384115
-1.4255893023227866 -5.851629062189128
3.1405825008276427 -2.572482969993849
-1.96973549245504 -5.5124504281462885
4.028360657360477 -0.6998826432752332
1.2389692285564164 -3.2471426277341426
1.0290815609335402 -2.692115797584816
2.587070141247986 -6.469847212858512
5.425852100452875 -1.5410772949497207
-0.052561972750372554 -7.666493148494477
-2.417622184903186 -1.7654165025211273
0.7830061284268328 -3.7340299491857496
-1.861843954748102 -0.6313199214359582
0.018955282809672624 -2.140906778309935
-0.6844395282021145 0.5698367378341338
5.278307373440928 -6.627566842325802
4.7991505152398 -7.118172447647984
1.058473745818595 -6.003796314800422
-0.7370995836154226 0.018705917224785207
-1.214730478153453 -6.75040517498986
1.2599349748717135 -7.430420759216371
-1.0795746529791 -6.62456347568253
-2.4485792545180116 -3.070980004956345
3.7376437707821077 -6.562946504381869
1.5929099926415098 -4.205419499150706
3.5660040630424032 -7.138152258972779
1.2344301722442368 -5.854422956309945
-0.9840937232357241 -1.0129015891018556
3.08712524955597 -5.327281316851806
2.958644311299399 -8.417686550461278
6.1941759535713175 -2.2302661959368297
0.6082887059279221 -1.7095360551126422
-2.0191542209135758 -2.4959754858146415
0.1342042537243353 0.45686125788305887
-2.019496243121085 -1.2108085101599881
4.602531351294805 -3.84508284652777
1.090637741019095 -2.3583755724619797
1.2553795399888994 -1.298789991087002
1.4319597379165476 1.181395273639274
5.693010046916206 -4.236939689168907
0.0412385053937625 0.5356927738506139
3.25886352205149 -7.648608705928189
2.7795780920355035 -1.9731051353628966
3.2604611108931976 -8.479474483201571
-0.38642523975145804 -1.0233723509927946
-2.475470787892439 -6.161771030323368
6.0418151837028065 -2.0419258066400827
-0.3564894011688946 -6.3952606881761636
-1.909510093861283 -3.820995497222472
-0.12835398459446012 -7.260081753771959
-0.13411890230957169 -1.5784659656295807
-2.453224165208134 -4.641394188355136
0.1565810577668516 -6.021385497313373
-0.9332593497629855 -3.88823612655355
5.187844881229924 -4.71182358715229
2.1263912336244557 -6.671178634839475
4.046912143821394 -0.6033357809133166
1.6471162965449406 -2.9875467915068845
3.3469970545759686 -5.765282219392727
0.5519882171262316 -5.915837035876733
2.908153344025496 -0.2286301843312022
-1.9414186605454933 -5.615575479181068
3.0791336833023983 -6.0972866470214235
0.8378056409159771 -5.471640893882497
5.596752070400223 -1.9537301318456393
-0.9450881950946932 -0.21858717821070117
1.6705748566470926 -7.928137346980385
0.9605648370260411 -6.208494956160916
5.663332909591523 -0.6390286152886118
1.2855432677903904 0.009614953265727255
1.7701747057746497 -8.447445199476881
4.522800480563434 -6.852602095049978
-1.5257276273574865 -5.949780626662273
1.835523655989282 -2.146601915332303
1.6204815742725172 -0.8880602052175011
-0.8353777374350135 -3.2715046158923133
-1.0457503988266408 -1.3271792768336361
-1.5028567517722868 -1.2442451080645425
2.431756802982064 -6.908206720046767
0.313317871925892 -1.9157693463181908
-0.07114958303008878 -2.0995056439536532
1.2465997992468705 0.8095575339600183
-2.26153850747186 -4.077670359759527
-3.1471000757002443 -3.8764616963929783
2.5973149319953466 -6.129283346101229
-1.3218209662873008 -0.20124033301319422
2.8072225552731593 -6.96844796688557
2.427084567889154 -3.7188970286721217
1.9324825164300627 -0.40267881607469347
3.6462762589907465 -3.566381981628461
0.13541236729163053 -1.1542765549053242
1.0298212500374455 0.9169859546753809
0.10320963802473382 -5.631262762512561
-1.932069945918079 -4.017246488039228
1.2381920949959988 -1.7525010845113511
1.184026434108545 -8.583771120030683
4.325027655506426 -5.294393269065084
1.1196343145995429 -4.539201055796187
3.1791965785321867 -2.645368140151753
-2.534679814299892 -5.294384426444555
-2.8328442527017463 -5.064568347158366
-0.38370891171748167 -2.474412013426533
2.5602671555399144 -1.2183655034541658
3.359185731988388 -3.9959431024909486
4.293554141746945 -5.575607383158428
2.6012868109541873 1.198789332300839
-2.524368646387452 -3.762686236127757
0.8355140586321277 -7.834601718080328
-1.0794924921789761 0.15124115997154197
2.3078211022778534 -1.6833829085500533
1.0805075555619055 -5.867185507015093
3.1590500038216476 -5.049891711473488
1.2096263549938413 -1.3717305968350235
4.749794680348044 -3.1007998626818147
-0.299907050702547 -2.029603484181923
6.1549920260018185 -2.9197821975904183
3.3359452538078536 -5.62348309084438
5.151696893219954 -6.706549305314903
3.670588772777033 -3.456459503093047
1.0060112332647468 -5.2244539273434984
-2.7462401357178656 -5.482099955123958
2.9104009358043754 -5.082082857734322
0.9637178610176959 -4.288737370186254
4.9545417065637025 -3.6323892605522143
0.3016721628118564 -5.9632768555950095
-0.8693998350625505 -5.845978641091023
1.6575329460240948 -2.856697760344941
6.370073673129999 -4.5266612030077935
0.8365574827157931 -2.794935894386128
0.4591632762825919 -1.1761410977457363
0.947492672519739 -7.609939507401532
0.19851757478094068 -7.021618426785259
6.496998791384844 -5.102269339953043
6.207366126464842 -2.4825759072639495
1.5205228409574831 0.4384721079376366
5.394962159152581 -2.0358620212882523
-1.7443814677646554 -2.2073684563327873
2.739315793025566 0.31954608136859886
3.311914478959882 -4.317334772163493
4.668336497455714 -4.8046340783752575
-0.9560857425956935 -0.7453498943858463
-0.36348372137108265 -6.697874692859152
1.4035409467175097 0.9222187868171519
1.2924563605963373 0.21117860005670286
1.8973764823411159 -2.16281053351897
1.7368780197009002 -5.529413551112001
4.827930710681311 -7.408076973454788
4.23464223472094 -7.455350183157268
1.9318142154635807 -6.765359613980728
6.1092979187482355 -3.527318699175599
3.7709561681042976 -5.424679849669628
3.0209464568750475 -0.09416342780070153
5.8942215876147 -5.366803877323693
4.641573020716218 -5.240353117018197
1.5038246904242265 -2.4712633461164213
2.3829887131478755 -4.115605385578204
6.2436129472417425 -3.339985561633632
4.840067492174591 -1.08671291443151
4.24412010811192 -7.108164219947895
4.055973306445313 -1.9887181846199737
4.307578467204859 -1.0040960856457666
3.605045966623303 -7.196899777825569
3.4039167430058295 -3.0371245702374847
0.29482091642073405 -2.9925303923500204
3.8899159310352216 -5.408660400610598
1.4434097099940104 -5.172462213230256
2.142682330414985 -4.552488825867365
2.987884587154831 -1.157197174314335
1.506563984893309 -4.304592663550011
5.777081487832928 -5.338698902183859
3.5741115774760375 -5.788326129578074
3.733724791377736 -6.9694002112569535
2.14264968422194 -4.5153189070696085
0.29270751516632476 -4.758479524358168
3.0895569067003557 -1.1674448184304675
3.587246392065645 -5.4088042010615665
-2.251225142827705 -4.132503633111281
-0.5841005386988758 -2.8147013430390015
5.384990340492143 -3.270077293329063
6.197213449158668 -5.605388586298203
1.4843948725482599 -4.414828457284264
5.204041540851305 -5.392603878100455
5.6497844894348885 -6.308284157336184
2.640984273189507 -0.03564695195207923
-2.630014995200301 -2.89687941827963
-2.1637489447507052 -4.982236618065896
0.12935756756634453 -0.7132325189234199
1.4983489103558718 -1.5443875459390073
1.131753248747978 -5.763323216606219
-1.803221937425693 -4.484037289245337
0.49804734245444715 -1.561363457628369
2.9508605512229256 -3.035532538937023
5.703650909087815 -1.9803027313781834
2.3973516851181547 -5.661072350417766
4.660820248560167 -6.56198782435586
-1.5412218397921487 -1.999405652300363
3.403588704763215 -0.9314406240043147
1.8394326148441262 -2.6780610657016104
5.081196075522779 -3.8923819646491458
-1.1980427140408765 -5.227344921224454
-0.36826439254477994 -0.17402097157498275
-1.5841708695172805 -0.1335555878562431
3.2366807003532685 -6.877338081224322
-0.23048873834965122 0.557534773248312
0.4613143904315491 -0.03990314833867448
3.3160104956264 -0.4026714358600869
-1.4914456440167385 -0.740814057559477
0.8521382180022141 0.8565653488730423
1.4115502882402153 -4.226477050256844
0.4094092016496882 -2.874445307340854
2.1638498032563644 -0.886286855246341
-0.6784724976811309 -4.464302247522307
5.803405831697449 -1.7300276294133985
4.710045446044348 -1.9399386939013776
2.912285793023232 -5.4000126140092295
-0.792980733840621 -6.052172598322558
-0.33812210404101806 -3.6898802189450297
-0.7931642294174377 0.22554181729127132
4.727208096178125 -5.908174351041845
-0.12646701145128936 -7.065534173686137
3.6729137118023956 -4.10809522352355
-1.5054168169636923 -7.044087348466844
-0.19534310965929036 0.8415412643344373
2.8959336179903152 -2.6749945355081057
-0.6212694587126413 0.16100506131622705
3.7619858073160644 -0.9078996190916326
4.336371587335827 -0.8208818935705726
-0.15403080667645574 -4.044248016292633
2.40112132748131 -4.647652640652009
0.44174310049699894 -8.408962188044093
2.767301873243965 -1.3449903599462796
2.3522764871256765 -7.471134477165203
-1.607480103078675 -0.5549257358405462
1.5199827482758879 -6.918872109740651
0.7083374284699879 -4.4802415767500765
0.150353644138147 -4.5497745750012
1.389768280094112 -5.779102705755715
2.5524249176363796 -7.355090234974419
5.29702309054012 -1.5101052127356485
0.2574787690351441 -0.1817009478472511
-1.1807313896232363 -1.9108736159715078
2.718226657457081 -1.1692921190732157
5.438539876355019 -1.1584398382302665
2.986238281129289 -1.5785195482102843
-1.089537612192207 -6.037852695023462
3.731158177654607 0.32457051588875085
0.7587754770547976 -7.676073627802267
1.1430176152896458 -3.927376283459642
-0.24372178347189366 -5.449006847910835
3.0302345028718127 -2.0305156177587955
-1.9003704736435656 -1.1684587227377512
3.522239916503217 -5.150872452733607
0.44774520528233275 -0.09036350124906134
-1.300990522885274 -1.2433107098455012
-0.8240118654621733 -5.892080025821116
-0.06898896914341579 -7.1161947914434425
0.1291583002421839 -1.5002625065930375
4.187849059924912 -2.868426452458616
5.0121222383850474 -2.0862798143751693
3.708973733981539 -6.246467922623751
2.203976945195464 -1.50300556911274
-0.8177078434079961 -2.1273981609567616
3.6183593285682494 -3.2281883536273828
-1.5576846157132935 -4.684942843567055
2.9986799802703032 -3.511891158014593
-1.3502661646092038 -3.8488731368854396
1.8117751911058355 0.5263494215690354
4.88630674258061 -3.183186919101604
3.8255521611225562 0.2728190535521402
4.548699719175104 -3.1753056567319318
1.5895300170445013 -7.888991600480948
5.866531548624405 -2.0622363155323935
3.9603044303459507 -7.07388397808189
-1.9474632033313484 -5.439346990937605
-2.158945096343383 -3.14836288733803
-1.4742487494909013 -4.495351262055848
2.299770136876853 -0.5630579352054035
3.264831463260553 -1.7965543395235077
2.0289926124840654 -5.6089854870160964
0.672497228467462 -3.0514367414268158
-0.7260461698533496 -7.294666988513545
6.335420556313709 -1.6873336974795552
0.6981333132076659 -3.854806406195631
3.9717310854008403 -3.866151852553321
-2.3220466746929374 -2.9351207351528745
5.959244246899819 -1.0121098332653466
0.7593017755396974 -0.26871830983214595
0.3361393118439606 -3.1550364864503275
2.1507957778475637 -8.3105622164232
4.884487042289936 -5.639600372773119
3.030978084640945 -1.3386265744303656
1.9049054522039666 -4.961077099226339
2.8359065530371863 -4.813046719624485
2.8622052232365056 -4.143664687747034
-2.6896402635415697 -1.7796657715426036
3.7935891011058924 -4.925031895030795
1.6881616265241974 -4.79354806950817
-1.055677175315149 -1.8481830414968397
4.407504146880546 -2.592702883537038
-1.0912566966129729 0.29614233545957935
5.960098047971473 -2.4696157460519617
2.4098418891795292 -5.413501435114767
6.086630415353359 -2.525893822168341
1.994805433667773 -3.964014020693568
2.553886574564454 -0.965024343644262
-1.0264379119437221 -5.129752124644176
-2.7557965197868928 -3.088119006908082
-0.9723645466621951 -7.231578831089884
5.093592919452019 -1.0742310168926394
3.547567068713681 -0.02244214687231416
-1.9282295290039377 -4.513634334750289
4.529116405459844 -7.243991837261068
0.8929228312383759 -7.198437879819883
1.486254241450435 -3.5852169807117455
3.1454020730942216 -1.2813153281913077
1.751196866581081 -3.240017760079055
-2.738123284503608 -2.356201359566345
2.3086243618291773 -0.5352474604894955
1.1227403277350594 -5.757548479549944
-0.34639460415191725 -2.0683524768691215
-1.433135963017904 -3.0529833128201016
-0.9524027948304175 -1.2923227107496507
4.330670565967702 0.5655692015198648
3.1326180501060943 -5.04108978205405
-0.1209526929608713 -4.991937555330498
2.463765057271819 -3.2665298324112
-2.7244865591722514 -4.026692301349263
2.547209401487538 -2.7450413472184527
2.54164481828024 0.8360582577488813
-0.9631099111989789 -2.0089332723964883
0.8519567422117778 -4.266949916168135
-1.515740560876943 -3.116954233006835
5.507490806554735 -4.815385261298651
2.1553301277777615 0.16062688419144378
3.472480667884502 -4.35181617746129
1.5639610878657613 -1.7812312080954011
5.546634945176026 -2.689414070101402
-2.7095680297924174 -3.6109927048079378
-2.0044945865945527 -2.6165439606334706
1.320792909194489 -6.930669410841894
1.2723536859702111 -5.0236636121224265
1.3763498985632396 -6.1312896520905
2.063755259306662 -6.086054559897688
2.0769674086300416 -7.666202785533278
4.723410311617319 -0.783240731526111
3.27102747106423 -5.069515826943744
-2.8095168305256086 -4.11912136129851
1.2917957790633068 -0.7623265292355379
-2.7974266864631216 -3.82317291822267
-1.9817991891799636 -4.882448442242031
-1.71114663064544 -0.9240793881320268
1.6495340073457 -5.716822610084285
0.05096159164105063 -5.474353993116193
-1.5481119966081722 -0.9067673242707714
6.622511500769904 -2.80149185928292
6.308408140789427 -2.219500625715738
-0.8347150383149435 -2.9426314257242696
5.343670312811842 -4.940286100969347
0.8104730343816593 -5.165860512100602
2.0789471993971915 -7.394972965672207
-2.3088588867705564 -2.6964785010566454
1.6859026962289247 -6.538312549740337
-0.3380109624136145 -5.448382570630549
-1.846778458121259 -5.444217720711333
2.0313199002112032 -5.512971731189939
0.7101319902370977 -7.268446301400077
0.50421540796841 -5.209899146683879
3.4439348858805072 -1.4708499759411926
5.022767637859941 -0.5501305230119242
4.348950944808564 -6.338050449942817
5.1416489366902836 -3.3695101603427275
1.1552505575887744 0.43022316555841034
0.10226581913651667 -6.265326524709619
-1.1844857936679658 -3.0805552629918123
-2.024747415793139 -3.2575462531619115
1.316709124652492 -1.3584478982165376
-2.198830190323778 -3.4210665746999807
2.4336400573313504 0.23949473197136983
4.189663365587535 -4.050350995334443
2.706602241557554 -5.597897762240377
4.342579818941794 -1.368407427024409
5.317345445172634 -2.1259304399751153
3.152260171632344 0.8978420819040362
6.142506115768482 -5.875725304238914
-0.9981403026253421 -7.003073967147619
6.028195345398992 -1.2718956881849355
6.311276483013844 -3.740247222354119
-2.0114438297796298 -1.1263581893331756
2.0279891435000086 -6.591762643182793
2.704380466587075 -5.704956659813856
-1.6828702326540845 -3.8191417986354907
-1.5778313646109547 -4.472941782646207
0.7033139484586959 -5.492322392078196
4.246089995976164 -6.14254442539006
3.693712628535588 0.18495097922295622
5.406258229720777 -1.9315885000217299
-0.5407713465139465 -5.84236991308479
2.559639757902678 -4.955610941632961
-1.4815946118458212 -5.545851615386808
-2.2901361976213925 -5.698661074159364
-1.812455958373303 -3.226510056911312
-1.516485089046405 -3.4261833290095263
2.7988007218029374 -3.6072812606090205
4.296891742162936 -3.262901271402423
5.757369432837799 -5.162378171236266
-0.7873882417249558 -0.4258815791350665
4.810834934331296 -4.906601861258471
3.1866201330820276 -6.969265692566353
1.131968914093242 -4.536380845845115
-2.3387514197674903 -5.7961438224099595
2.159950311709757 -1.3943486389675424
5.68641499694793 -4.974445059145928
6.519911240362636 -2.398968967488341
5.31770078117481 -2.8964679481820395
2.58558232602934 -0.8335420270343237
0.9919083765440809 -5.134408399156468
3.9929971737877406 -0.34405613521694356
2.9330360657361183 -4.7963270617613105
-1.119445009827109 -4.73067109051826
0.37871081478062507 0.35257916806473144
5.126514436072524 -2.0046912094010176
1.2146151649415409 0.40751696388116
5.994048412765821 -5.091792356988907
-2.9048139327297573 -3.2930463796510945
0.49260044109362333 1.1122444158324907
-1.458909559374008 -4.337669778119213
-0.4786138174733072 -5.06454343451053
-0.6617542804949459 -7.260805734224851
4.651421825701584 -6.780747772326551
-1.806551190880848 -4.07723977821468
-0.8732497084414679 -3.2649819616147555
3.7682973667387687 -5.720731422145631
-1.12925899217194 -1.229392063380693
-1.074781180288524 -0.8916865735875206
-1.0060934225675109 -4.799152084069985
6.698424992565998 -4.487565059018647
1.473278330029914 -7.007703380426856
0.3060006912501887 -4.545371365801208
-0.6155455217770063 -7.170165401874652
5.75171175559077 -3.6763783121248927
-0.15650003135747603 -7.668376781861387
1.143433348830418 -0.1742506419122254
3.781848163682657 0.43984502841672146
4.374252322991052 -4.276292531613472
1.1267885561737105 0.4805744254626987
6.313949335810909 -4.8763112399293895
1.5117219087017937 -5.732874877944017
4.547726808077511 -5.144605860987348
5.785968983978722 -1.2166182543482504
-1.2705737191006603 -2.3584287962383708
-2.1223453979083358 -1.7650775603656044
-0.625452656672153 -0.7448854156288705
2.7852381643980073 -0.49766879027230404
2.7333581029592793 -2.717681087865465
3.1178082360695702 -2.4006344410491836
2.8174734460416953 -4.6096516349900085
3.772864840263277 -2.8235467214756453
1.532159621255706 -4.310002942465811
0.8697049798376689 -2.795371912406471
2.0012305069907583 -0.03877024612828173
4.150713601376576 -0.6720020158489404
4.171225780557968 -6.141206869015349
1.44395998192038 -0.09134060144587552
-0.8456227571322723 -6.6473476089417485
0.9065619841887285 -2.8523505022461118
3.496301783135676 -6.864482513698791
5.796635547839047 -3.544444957650265
1.4185410131871843 -3.208504096901945
-0.25825061166700203 -3.219819944325736
-1.9935404586796437 -5.987365643238371
-1.4149478466135197 -0.9016680663204957
1.7775929535076096 -4.030486711360583
6.351966358563858 -5.744116604611721
5.155597679930727 -5.094418313246507
4.919901867004774 -3.5717309213891744
-1.8532142831599459 -1.6563354958468564
4.804440455859671 -2.4445400830160464
-0.6844607463959991 -5.341162060375808
-0.4089285852357707 -0.2254930095926002
5.275294010592728 -6.294416235167411
-1.7421462118976885 -5.760640552315066
0.004199901950113993 -6.717470383948781
-0.4388828723492064 -5.3089224681379426
-1.9047555850546007 -2.147120526284832
3.016982577056716 0.4442201183341794
-1.9844515860422642 -2.5858889952498565
-2.3911554773303285 -1.318459804923219
1.8190914406873409 0.06739891246637031
2.4470432099658113 -3.9040644723070868
-0.5932577742024765 -4.629237168719022
-0.2219789520821276 -0.7571306395041768
6.34586045337862 -3.3589234791733285
-0.11704335072041872 0.4903737403628261
0.8708906381665057 0.48464607413638117
4.14091605667042 -0.22162324982228698
0.02283161777285536 -7.979590213801412
2.136934990867561 -1.0760940050908578
-1.1368922030411166 -0.8497352375979608
4.629642895417512 -4.398195684245358
-0.5378313265225307 -7.287694813672637
3.577390269247311 -7.750549953807653
3.2415460462133385 -3.107852841815708
4.664340945679726 0.26357283430447476
3.073917974254429 -1.2315303535288207
3.1800392391366237 -3.6936349656763743
0.6513926681531317 -2.8352834257686403
3.984671490752965 -1.4569949164730516
5.364117202587044 -0.6383533571933002
1.9985242668208079 -3.8392791640113617
6.308326118439301 -5.449932519989668
4.087680246970984 -6.12791956892242
4.933714195009344 -2.653970601860312
5.065388891722362 -2.7125349700259687
1.1538912085168134 -8.594151254056904
0.567200483830556 -0.04605134851079251
-0.12039771884669093 -6.353043054772536
-0.7490350245515061 -1.6105162386274294
-2.444274508951753 -5.568819012737475
-2.5414700642251633 -2.824885495047065
0.5907552591515357 -2.0930117222224345
2.0226766580438085 -3.3363137562195835
-0.6019033755325667 -6.218242103696797
-0.7202581381373483 -4.272937305573103
-1.466906624152165 -1.0813420293575597
-1.8569223380858297 -3.952595595217354
-0.6225080368506608 -1.5021054180036084
-1.1667189641145896 -5.708834065269482
4.03826271178973 -1.6696470584022292
6.249604744500973 -4.598898546598274
3.6251630509734802 -8.29322758663994
1.3760594902920693 -1.6055016653804395
-1.3457759244923044 -6.768132517214736
1.3423570164437968 -6.682332737682184
