0 0.02 99029
0.02 0.04 98108
0.04 0.06 97561
0.06 0.08 97046
0.08 0.1 95865
0.1 0.12 94648
0.12 0.14 93773
0.14 0.16 92728
0.16 0.18 92097
0.18 0.2 90857
0.2 0.22 89499
0.22 0.24 89150
0.24 0.26 88729
0.26 0.28 87047
0.28 0.3 86600
0.3 0.32 85970
0.32 0.34 84950
0.34 0.36 83701
0.36 0.38 82627
0.38 0.4 82509
0.4 0.42 81101
0.42 0.44 80887
0.44 0.46 79709
0.46 0.48 78940
0.48 0.5 78133
0.5 0.52 77591
0.52 0.54 76567
0.54 0.56 76132
0.56 0.58 75369
0.58 0.6 74444
0.6 0.62 73625
0.62 0.64 73091
0.64 0.66 72472
0.66 0.68 71978
0.68 0.7 70933
0.7 0.72 70196
0.72 0.74 69566
0.74 0.76 68692
0.76 0.78 68079
0.78 0.8 67194
0.8 0.82 66586
0.82 0.84 65931
0.84 0.86 65586
0.86 0.88 64854
0.88 0.9 64289
0.9 0.92 63554
0.92 0.94 62967
0.94 0.96 62220
0.96 0.98 61858
0.98 1 60969
1 1.02 60455
1.02 1.04 59678
1.04 1.06 58990
1.06 1.08 58317
1.08 1.1 57674
1.1 1.12 57792
1.12 1.14 56637
1.14 1.16 56227
1.16 1.18 56187
1.18 1.2 55220
1.2 1.22 54477
1.22 1.24 54089
1.24 1.26 53582
1.26 1.28 53015
1.28 1.3 52867
1.3 1.32 51701
1.32 1.34 51083
1.34 1.36 50857
1.36 1.38 50501
1.38 1.4 49502
1.4 1.42 49206
1.42 1.44 49296
1.44 1.46 48590
1.46 1.48 47517
1.48 1.5 47269
1.5 1.52 46982
1.52 1.54 46571
1.54 1.56 46048
1.56 1.58 45470
1.58 1.6 44910
1.6 1.62 44880
1.62 1.64 44383
1.64 1.66 44313
1.66 1.68 43487
1.68 1.7 42609
1.7 1.72 42932
1.72 1.74 42125
1.74 1.76 41974
1.76 1.78 40994
1.78 1.8 40641
1.8 1.82 40979
1.82 1.84 40268
1.84 1.86 39599
1.86 1.88 39007
1.88 1.9 38791
1.9 1.92 38680
1.92 1.94 37993
1.94 1.96 37872
1.96 1.98 37059
1.98 2 36747
2 2.02 36868
2.02 2.04 36382
2.04 2.06 35720
2.06 2.08 35569
2.08 2.1 35030
2.1 2.12 34714
2.12 2.14 34708
2.14 2.16 34061
2.16 2.18 33829
2.18 2.2 33689
2.2 2.22 32968
2.22 2.24 32768
2.24 2.26 32446
2.26 2.28 32043
2.28 2.3 32202
2.3 2.32 31263
2.32 2.34 31037
2.34 2.36 30717
2.36 2.38 30538
2.38 2.4 29999
2.4 2.42 29960
2.42 2.44 29710
2.44 2.46 29240
2.46 2.48 29162
2.48 2.5 28831
2.5 2.52 28653
2.52 2.54 28302
2.54 2.56 27768
2.56 2.58 27632
2.58 2.6 27120
2.6 2.62 27033
2.62 2.64 26755
2.64 2.66 26546
2.66 2.68 26426
2.68 2.7 26127
2.7 2.72 25600
2.72 2.74 25723
2.74 2.76 25228
2.76 2.78 25457
2.78 2.8 24670
2.8 2.82 24279
2.82 2.84 24263
2.84 2.86 23869
2.86 2.88 23594
2.88 2.9 23505
2.9 2.92 23137
2.92 2.94 22986
2.94 2.96 22769
2.96 2.98 22711
2.98 3 22500
3 3.02 22299
3.02 3.04 21876
3.04 3.06 21700
3.06 3.08 21233
3.08 3.1 21304
3.1 3.12 21189
3.12 3.14 20800
3.14 3.16 20794
3.16 3.18 20586
3.18 3.2 20382
3.2 3.22 20138
3.22 3.24 19897
3.24 3.26 19519
3.26 3.28 19481
3.28 3.3 19478
3.3 3.32 19034
3.32 3.34 19162
3.34 3.36 18594
3.36 3.38 18481
3.38 3.4 18607
3.4 3.42 18248
3.42 3.44 17699
3.44 3.46 17557
3.46 3.48 17895
3.48 3.5 17602
3.5 3.52 17228
3.52 3.54 17208
3.54 3.56 17005
3.56 3.58 16730
3.58 3.6 16620
3.6 3.62 16589
3.62 3.64 16330
3.64 3.66 16075
3.66 3.68 16087
3.68 3.7 15899
3.7 3.72 15374
3.72 3.74 15577
3.74 3.76 15631
3.76 3.78 14998
3.78 3.8 14923
3.8 3.82 14914
3.82 3.84 14697
3.84 3.86 14644
3.86 3.88 14611
3.88 3.9 14481
3.9 3.92 14285
3.92 3.94 14142
3.94 3.96 13870
3.96 3.98 13758
3.98 4 13615
4 4.02 13463
4.02 4.04 13590
4.04 4.06 13257
4.06 4.08 12960
4.08 4.1 12975
4.1 4.12 12650
4.12 4.14 12695
4.14 4.16 12399
4.16 4.18 12267
4.18 4.2 12233
4.2 4.22 12108
4.22 4.24 12013
4.24 4.26 11893
4.26 4.28 11688
4.28 4.3 11734
4.3 4.32 11569
4.32 4.34 11399
4.34 4.36 11419
4.36 4.38 11278
4.38 4.4 11062
4.4 4.42 10957
4.42 4.44 10850
4.44 4.46 10878
4.46 4.48 10883
4.48 4.5 10637
4.5 4.52 10436
4.52 4.54 10232
4.54 4.56 10271
4.56 4.58 10259
4.58 4.6 10018
4.6 4.62 9989
4.62 4.64 9908
4.64 4.66 9769
4.66 4.68 9704
4.68 4.7 9467
4.7 4.72 9540
4.72 4.74 9383
4.74 4.76 9400
4.76 4.78 9041
4.78 4.8 8979
4.8 4.82 9088
4.82 4.84 8800
4.84 4.86 8920
4.86 4.88 8776
4.88 4.9 8788
4.9 4.92 8677
4.92 4.94 8516
4.94 4.96 8388
4.96 4.98 8328
4.98 5 8102
5 5.02 7914
5.02 5.04 7986
5.04 5.06 8082
5.06 5.08 7918
5.08 5.1 7806
5.1 5.12 7759
5.12 5.14 7801
5.14 5.16 7518
5.16 5.18 7667
5.18 5.2 7535
5.2 5.22 7413
5.22 5.24 7481
5.24 5.26 7319
5.26 5.28 7129
5.28 5.3 7247
5.3 5.32 6838
5.32 5.34 7024
5.34 5.36 6971
5.36 5.38 6873
5.38 5.4 6620
5.4 5.42 6577
5.42 5.44 6559
5.44 5.46 6491
5.46 5.48 6451
5.48 5.5 6396
5.5 5.52 6471
5.52 5.54 6270
5.54 5.56 6316
5.56 5.58 6040
5.58 5.6 6072
5.6 5.62 6148
5.62 5.64 6017
5.64 5.66 5971
5.66 5.68 5831
5.68 5.7 5892
5.7 5.72 5744
5.72 5.74 5668
5.74 5.76 5456
5.76 5.78 5595
5.78 5.8 5556
5.8 5.82 5485
5.82 5.84 5558
5.84 5.86 5361
5.86 5.88 5379
5.88 5.9 5237
5.9 5.92 5169
5.92 5.94 5153
5.94 5.96 4957
5.96 5.98 5076
5.98 6 4934
6 6.02 4966
6.02 6.04 4920
6.04 6.06 4781
6.06 6.08 4843
6.08 6.1 4704
6.1 6.12 4778
6.12 6.14 4656
6.14 6.16 4760
6.16 6.18 4674
6.18 6.2 4538
6.2 6.22 4438
6.22 6.24 4439
6.24 6.26 4316
6.26 6.28 4338
6.28 6.3 4228
6.3 6.32 4238
6.32 6.34 4271
6.34 6.36 4160
6.36 6.38 4260
6.38 6.4 4185
6.4 6.42 4046
6.42 6.44 4042
6.44 6.46 3976
6.46 6.48 3971
6.48 6.5 3878
6.5 6.52 3742
6.52 6.54 3828
6.54 6.56 3759
6.56 6.58 3716
6.58 6.6 3758
6.6 6.62 3722
6.62 6.64 3687
6.64 6.66 3646
6.66 6.68 3515
6.68 6.7 3396
6.7 6.72 3504
6.72 6.74 3465
6.74 6.76 3525
6.76 6.78 3360
6.78 6.8 3206
6.8 6.82 3381
6.82 6.84 3316
6.84 6.86 3271
6.86 6.88 3210
6.88 6.9 3247
6.9 6.92 3263
6.92 6.94 3112
6.94 6.96 3155
6.96 6.98 3122
6.98 7 3044
7 7.02 3009
7.02 7.04 2970
7.04 7.06 2930
7.06 7.08 3048
7.08 7.1 2865
7.1 7.12 2765
7.12 7.14 2851
7.14 7.16 2869
7.16 7.18 2737
7.18 7.2 2803
7.2 7.22 2687
7.22 7.24 2710
7.24 7.26 2734
7.26 7.28 2625
7.28 7.3 2654
7.3 7.32 2593
7.32 7.34 2607
7.34 7.36 2570
7.36 7.38 2482
7.38 7.4 2395
7.4 7.42 2531
7.42 7.44 2385
7.44 7.46 2428
7.46 7.48 2370
7.48 7.5 2397
7.5 7.52 2421
7.52 7.54 2295
7.54 7.56 2339
7.56 7.58 2286
7.58 7.6 2236
7.6 7.62 2199
7.62 7.64 2210
7.64 7.66 2160
7.66 7.68 2112
7.68 7.7 2107
7.7 7.72 2170
7.72 7.74 2128
7.74 7.76 2013
7.76 7.78 2053
7.78 7.8 2080
7.8 7.82 2023
7.82 7.84 1985
7.84 7.86 1955
7.86 7.88 1928
7.88 7.9 1933
7.9 7.92 1928
7.92 7.94 1879
7.94 7.96 1890
7.96 7.98 1905
7.98 8 1849
8 8.02 1814
8.02 8.04 1800
8.04 8.06 1848
8.06 8.08 1761
8.08 8.1 1768
8.1 8.12 1724
8.12 8.14 1741
8.14 8.16 1643
8.16 8.18 1714
8.18 8.2 1656
8.2 8.22 1685
8.22 8.24 1645
8.24 8.26 1632
8.26 8.28 1587
8.28 8.3 1582
8.3 8.32 1578
8.32 8.34 1627
8.34 8.36 1533
8.36 8.38 1551
8.38 8.4 1509
8.4 8.42 1482
8.42 8.44 1469
8.44 8.46 1448
8.46 8.48 1397
8.48 8.5 1365
8.5 8.52 1360
8.52 8.54 1425
8.54 8.56 1335
8.56 8.58 1309
8.58 8.6 1465
8.6 8.62 1358
8.62 8.64 1349
8.64 8.66 1298
8.66 8.68 1300
8.68 8.7 1317
8.7 8.72 1269
8.72 8.74 1247
8.74 8.76 1261
8.76 8.78 1243
8.78 8.8 1188
8.8 8.82 1211
8.82 8.84 1204
8.84 8.86 1209
8.86 8.88 1178
8.88 8.9 1160
8.9 8.92 1120
8.92 8.94 1191
8.94 8.96 1134
8.96 8.98 1061
8.98 9 1133
9 9.02 1087
9.02 9.04 1098
9.04 9.06 1087
9.06 9.08 1117
9.08 9.1 1145
9.1 9.12 1018
9.12 9.14 1068
9.14 9.16 1077
9.16 9.18 1009
9.18 9.2 962
9.2 9.22 1016
9.22 9.24 977
9.24 9.26 952
9.26 9.28 1002
9.28 9.3 990
9.3 9.32 980
9.32 9.34 904
9.34 9.36 1007
9.36 9.38 928
9.38 9.4 905
9.4 9.42 877
9.42 9.44 838
9.44 9.46 873
9.46 9.48 847
9.48 9.5 934
9.5 9.52 869
9.52 9.54 792
9.54 9.56 857
9.56 9.58 873
9.58 9.6 800
9.6 9.62 805
9.62 9.64 840
9.64 9.66 773
9.66 9.68 791
9.68 9.7 789
9.7 9.72 748
9.72 9.74 741
9.74 9.76 735
9.76 9.78 733
9.78 9.8 790
9.8 9.82 721
9.82 9.84 688
9.84 9.86 683
9.86 9.88 735
9.88 9.9 733
9.9 9.92 700
9.92 9.94 732
9.94 9.96 654
9.96 9.98 651
9.98 10 654
10 10.02 700
10.02 10.04 703
10.04 10.06 681
10.06 10.08 639
10.08 10.1 619
10.1 10.12 640
10.12 10.14 631
10.14 10.16 658
10.16 10.18 620
10.18 10.2 625
10.2 10.22 616
10.22 10.24 609
10.24 10.26 523
10.26 10.28 556
10.28 10.3 543
10.3 10.32 608
10.32 10.34 558
10.34 10.36 542
10.36 10.38 587
10.38 10.4 542
10.4 10.42 571
10.42 10.44 546
10.44 10.46 519
10.46 10.48 558
10.48 10.5 541
10.5 10.52 499
10.52 10.54 498
10.54 10.56 466
10.56 10.58 510
10.58 10.6 459
10.6 10.62 534
10.62 10.64 510
10.64 10.66 501
10.66 10.68 459
10.68 10.7 495
10.7 10.72 474
10.72 10.74 496
10.74 10.76 507
10.76 10.78 442
10.78 10.8 443
10.8 10.82 445
10.82 10.84 408
10.84 10.86 445
10.86 10.88 417
10.88 10.9 413
10.9 10.92 467
10.92 10.94 425
10.94 10.96 398
10.96 10.98 414
10.98 11 393
11 11.02 408
11.02 11.04 424
11.04 11.06 407
11.06 11.08 412
11.08 11.1 388
11.1 11.12 355
11.12 11.14 386
11.14 11.16 422
11.16 11.18 393
11.18 11.2 404
11.2 11.22 367
11.22 11.24 378
11.24 11.26 345
11.26 11.28 344
11.28 11.3 380
11.3 11.32 346
11.32 11.34 346
11.34 11.36 337
11.36 11.38 340
11.38 11.4 355
11.4 11.42 347
11.42 11.44 359
11.44 11.46 305
11.46 11.48 341
11.48 11.5 349
11.5 11.52 308
11.52 11.54 298
11.54 11.56 354
11.56 11.58 334
11.58 11.6 293
11.6 11.62 297
11.62 11.64 297
11.64 11.66 281
11.66 11.68 301
11.68 11.7 300
11.7 11.72 297
11.72 11.74 299
11.74 11.76 243
11.76 11.78 276
11.78 11.8 262
11.8 11.82 266
11.82 11.84 305
11.84 11.86 258
11.86 11.88 261
11.88 11.9 251
11.9 11.92 269
11.92 11.94 255
11.94 11.96 261
11.96 11.98 287
11.98 12 244
12 12.02 265
12.02 12.04 264
12.04 12.06 261
12.06 12.08 232
12.08 12.1 234
12.1 12.12 202
12.12 12.14 225
12.14 12.16 217
12.16 12.18 220
12.18 12.2 218
12.2 12.22 237
12.22 12.24 209
12.24 12.26 233
12.26 12.28 201
12.28 12.3 225
12.3 12.32 204
12.32 12.34 213
12.34 12.36 199
12.36 12.38 210
12.38 12.4 208
12.4 12.42 201
12.42 12.44 179
12.44 12.46 208
12.46 12.48 226
12.48 12.5 199
12.5 12.52 182
12.52 12.54 199
12.54 12.56 182
12.56 12.58 186
12.58 12.6 184
12.6 12.62 182
12.62 12.64 162
12.64 12.66 177
12.66 12.68 184
12.68 12.7 154
12.7 12.72 167
12.72 12.74 169
12.74 12.76 188
12.76 12.78 176
12.78 12.8 178
12.8 12.82 159
12.82 12.84 181
12.84 12.86 167
12.86 12.88 136
12.88 12.9 147
12.9 12.92 164
12.92 12.94 159
12.94 12.96 131
12.96 12.98 166
12.98 13 166
13 13.02 144
13.02 13.04 145
13.04 13.06 138
13.06 13.08 149
13.08 13.1 156
13.1 13.12 130
13.12 13.14 152
13.14 13.16 131
13.16 13.18 130
13.18 13.2 153
13.2 13.22 137
13.22 13.24 135
13.24 13.26 149
13.26 13.28 120
13.28 13.3 124
13.3 13.32 132
13.32 13.34 116
13.34 13.36 116
13.36 13.38 132
13.38 13.4 121
13.4 13.42 139
13.42 13.44 118
13.44 13.46 109
13.46 13.48 127
13.48 13.5 138
13.5 13.52 115
13.52 13.54 120
13.54 13.56 103
13.56 13.58 100
13.58 13.6 113
13.6 13.62 103
13.62 13.64 93
13.64 13.66 111
13.66 13.68 124
13.68 13.7 102
13.7 13.72 128
13.72 13.74 121
13.74 13.76 108
13.76 13.78 112
13.78 13.8 94
13.8 13.82 96
13.82 13.84 114
13.84 13.86 104
13.86 13.88 95
13.88 13.9 92
13.9 13.92 104
13.92 13.94 93
13.94 13.96 97
13.96 13.98 83
13.98 14 95
14 14.02 107
14.02 14.04 88
14.04 14.06 77
14.06 14.08 92
14.08 14.1 77
14.1 14.12 83
14.12 14.14 93
14.14 14.16 85
14.16 14.18 79
14.18 14.2 87
14.2 14.22 87
14.22 14.24 80
14.24 14.26 72
14.26 14.28 80
14.28 14.3 71
14.3 14.32 77
14.32 14.34 84
14.34 14.36 84
14.36 14.38 55
14.38 14.4 69
14.4 14.42 65
14.42 14.44 76
14.44 14.46 74
14.46 14.48 63
14.48 14.5 75
14.5 14.52 75
14.52 14.54 72
14.54 14.56 65
14.56 14.58 70
14.58 14.6 87
14.6 14.62 61
14.62 14.64 78
14.64 14.66 60
14.66 14.68 64
14.68 14.7 73
14.7 14.72 82
14.72 14.74 49
14.74 14.76 71
14.76 14.78 82
14.78 14.8 74
14.8 14.82 63
14.82 14.84 75
14.84 14.86 63
14.86 14.88 69
14.88 14.9 64
14.9 14.92 67
14.92 14.94 54
14.94 14.96 62
14.96 14.98 46
14.98 15 52
15 15.02 52
15.02 15.04 65
15.04 15.06 44
15.06 15.08 46
15.08 15.1 46
15.1 15.12 55
15.12 15.14 63
15.14 15.16 63
15.16 15.18 37
15.18 15.2 43
15.2 15.22 42
15.22 15.24 44
15.24 15.26 51
15.26 15.28 41
15.28 15.3 53
15.3 15.32 56
15.32 15.34 48
15.34 15.36 43
15.36 15.38 53
15.38 15.4 44
15.4 15.42 52
15.42 15.44 44
15.44 15.46 38
15.46 15.48 45
15.48 15.5 47
15.5 15.52 38
15.52 15.54 50
15.54 15.56 60
15.56 15.58 44
15.58 15.6 40
15.6 15.62 42
15.62 15.64 53
15.64 15.66 32
15.66 15.68 39
15.68 15.7 42
15.7 15.72 40
15.72 15.74 36
15.74 15.76 47
15.76 15.78 27
15.78 15.8 28
15.8 15.82 36
15.82 15.84 39
15.84 15.86 41
15.86 15.88 37
15.88 15.9 39
15.9 15.92 25
15.92 15.94 39
15.94 15.96 31
15.96 15.98 39
15.98 16 26
16 16.02 39
16.02 16.04 23
16.04 16.06 29
16.06 16.08 33
16.08 16.1 32
16.1 16.12 26
16.12 16.14 31
16.14 16.16 29
16.16 16.18 36
16.18 16.2 35
16.2 16.22 30
16.22 16.24 23
16.24 16.26 33
16.26 16.28 22
16.28 16.3 30
16.3 16.32 39
16.32 16.34 28
16.34 16.36 28
16.36 16.38 22
16.38 16.4 18
16.4 16.42 23
16.42 16.44 33
16.44 16.46 28
16.46 16.48 33
16.48 16.5 25
16.5 16.52 28
16.52 16.54 35
16.54 16.56 27
16.56 16.58 28
16.58 16.6 20
16.6 16.62 20
16.62 16.64 22
16.64 16.66 23
16.66 16.68 35
16.68 16.7 20
16.7 16.72 17
16.72 16.74 21
16.74 16.76 24
16.76 16.78 21
16.78 16.8 27
16.8 16.82 28
16.82 16.84 20
16.84 16.86 18
16.86 16.88 12
16.88 16.9 23
16.9 16.92 25
16.92 16.94 21
16.94 16.96 24
16.96 16.98 27
16.98 17 21
17 17.02 18
17.02 17.04 16
17.04 17.06 22
17.06 17.08 22
17.08 17.1 26
17.1 17.12 20
17.12 17.14 16
17.14 17.16 22
17.16 17.18 22
17.18 17.2 21
17.2 17.22 13
17.22 17.24 11
17.24 17.26 15
17.26 17.28 21
17.28 17.3 15
17.3 17.32 19
17.32 17.34 18
17.34 17.36 15
17.36 17.38 19
17.38 17.4 16
17.4 17.42 11
17.42 17.44 16
17.44 17.46 16
17.46 17.48 17
17.48 17.5 16
17.5 17.52 19
17.52 17.54 20
17.54 17.56 13
17.56 17.58 10
17.58 17.6 13
17.6 17.62 13
17.62 17.64 12
17.64 17.66 23
17.66 17.68 13
17.68 17.7 16
17.7 17.72 10
17.72 17.74 12
17.74 17.76 13
17.76 17.78 21
17.78 17.8 16
17.8 17.82 11
17.82 17.84 13
17.84 17.86 19
17.86 17.88 22
17.88 17.9 15
17.9 17.92 9
17.92 17.94 13
17.94 17.96 8
17.96 17.98 7
17.98 18 16
18 18.02 27
18.02 18.04 15
18.04 18.06 12
18.06 18.08 5
18.08 18.1 12
18.1 18.12 11
18.12 18.14 14
18.14 18.16 11
18.16 18.18 19
18.18 18.2 18
18.2 18.22 10
18.22 18.24 10
18.24 18.26 10
18.26 18.28 10
18.28 18.3 15
18.3 18.32 23
18.32 18.34 8
18.34 18.36 9
18.36 18.38 5
18.38 18.4 6
18.4 18.42 8
18.42 18.44 9
18.44 18.46 14
18.46 18.48 7
18.48 18.5 9
18.5 18.52 7
18.52 18.54 11
18.54 18.56 4
18.56 18.58 12
18.58 18.6 9
18.6 18.62 16
18.62 18.64 12
18.64 18.66 9
18.66 18.68 11
18.68 18.7 4
18.7 18.72 14
18.72 18.74 10
18.74 18.76 9
18.76 18.78 12
18.78 18.8 7
18.8 18.82 4
18.82 18.84 6
18.84 18.86 7
18.86 18.88 9
18.88 18.9 4
18.9 18.92 3
18.92 18.94 12
18.94 18.96 6
18.96 18.98 9
18.98 19 8
19 19.02 12
19.02 19.04 13
19.04 19.06 9
19.06 19.08 7
19.08 19.1 4
19.1 19.12 6
19.12 19.14 8
19.14 19.16 12
19.16 19.18 6
19.18 19.2 12
19.2 19.22 4
19.22 19.24 4
19.24 19.26 5
19.26 19.28 1
19.28 19.3 5
19.3 19.32 13
19.32 19.34 4
19.34 19.36 5
19.36 19.38 5
19.38 19.4 0
19.4 19.42 8
19.42 19.44 7
19.44 19.46 7
19.46 19.48 5
19.48 19.5 7
19.5 19.52 7
19.52 19.54 10
19.54 19.56 9
19.56 19.58 3
19.58 19.6 3
19.6 19.62 4
19.62 19.64 5
19.64 19.66 6
19.66 19.68 11
19.68 19.7 1
19.7 19.72 6
19.72 19.74 3
19.74 19.76 9
19.76 19.78 4
19.78 19.8 5
19.8 19.82 5
19.82 19.84 8
19.84 19.86 4
19.86 19.88 5
19.88 19.9 4
19.9 19.92 0
19.92 19.94 7
19.94 19.96 4
19.96 19.98 6
19.98 20 5
