0 0.02 0
0.02 0.04 0
0.04 0.06 0
0.06 0.08 0
0.08 0.1 0
0.1 0.12 0
0.12 0.14 0
0.14 0.16 0
0.16 0.18 0
0.18 0.2 0
0.2 0.22 0
0.22 0.24 0
0.24 0.26 0
0.26 0.28 0
0.28 0.3 0
0.3 0.32 0
0.32 0.34 0
0.34 0.36 0
0.36 0.38 0
0.38 0.4 0
0.4 0.42 0
0.42 0.44 0
0.44 0.46 0
0.46 0.48 0
0.48 0.5 0
0.5 0.52 0
0.52 0.54 0
0.54 0.56 0
0.56 0.58 0
0.58 0.6 0
0.6 0.62 0
0.62 0.64 0
0.64 0.66 0
0.66 0.68 0
0.68 0.7 0
0.7 0.72 0
0.72 0.74 0
0.74 0.76 0
0.76 0.78 0
0.78 0.8 0
0.8 0.82 0
0.82 0.84 10312
0.84 0.86 142435
0.86 0.88 142443
0.88 0.9 144456
0.9 0.92 144934
0.92 0.94 146178
0.94 0.96 148108
0.96 0.98 121134
0.98 1 0
1 1.02 0
1.02 1.04 0
1.04 1.06 0
1.06 1.08 0
1.08 1.1 0
1.1 1.12 0
1.12 1.14 0
1.14 1.16 0
1.16 1.18 0
1.18 1.2 0
1.2 1.22 0
1.22 1.24 0
1.24 1.26 0
1.26 1.28 0
1.28 1.3 0
1.3 1.32 0
1.32 1.34 0
1.34 1.36 0
1.36 1.38 0
1.38 1.4 0
1.4 1.42 0
1.42 1.44 0
1.44 1.46 0
1.46 1.48 0
1.48 1.5 0
1.5 1.52 0
1.52 1.54 0
1.54 1.56 0
1.56 1.58 0
1.58 1.6 0
1.6 1.62 0
1.62 1.64 0
1.64 1.66 0
1.66 1.68 0
1.68 1.7 0
1.7 1.72 0
1.72 1.74 0
1.74 1.76 0
1.76 1.78 0
1.78 1.8 0
1.8 1.82 0
1.82 1.84 0
1.84 1.86 0
1.86 1.88 0
1.88 1.9 0
1.9 1.92 0
1.92 1.94 0
1.94 1.96 0
1.96 1.98 0
1.98 2 0
2 2.02 0
2.02 2.04 0
2.04 2.06 0
2.06 2.08 0
2.08 2.1 0
2.1 2.12 0
2.12 2.14 0
2.14 2.16 0
2.16 2.18 0
2.18 2.2 0
2.2 2.22 0
2.22 2.24 0
2.24 2.26 0
2.26 2.28 0
2.28 2.3 0
2.3 2.32 0
2.32 2.34 0
2.34 2.36 0
2.36 2.38 0
2.38 2.4 0
2.4 2.42 0
2.42 2.44 0
2.44 2.46 0
2.46 2.48 0
2.48 2.5 0
2.5 2.52 0
2.52 2.54 0
2.54 2.56 0
2.56 2.58 0
2.58 2.6 0
2.6 2.62 0
2.62 2.64 0
2.64 2.66 0
2.66 2.68 0
2.68 2.7 0
2.7 2.72 0
2.72 2.74 0
2.74 2.76 0
2.76 2.78 0
2.78 2.8 0
2.8 2.82 0
2.82 2.84 0
2.84 2.86 0
2.86 2.88 0
2.88 2.9 0
2.9 2.92 0
2.92 2.94 0
2.94 2.96 0
2.96 2.98 0
2.98 3 0
3 3.02 0
3.02 3.04 0
3.04 3.06 0
3.06 3.08 0
3.08 3.1 0
3.1 3.12 0
3.12 3.14 0
3.14 3.16 0
3.16 3.18 0
3.18 3.2 0
3.2 3.22 0
3.22 3.24 0
3.24 3.26 0
3.26 3.28 0
3.28 3.3 0
3.3 3.32 0
3.32 3.34 0
3.34 3.36 0
3.36 3.38 0
3.38 3.4 0
3.4 3.42 0
3.42 3.44 0
3.44 3.46 0
3.46 3.48 0
3.48 3.5 0
3.5 3.52 0
3.52 3.54 0
3.54 3.56 0
3.56 3.58 0
3.58 3.6 0
3.6 3.62 0
3.62 3.64 0
3.64 3.66 0
3.66 3.68 0
3.68 3.7 0
3.7 3.72 0
3.72 3.74 0
3.74 3.76 0
3.76 3.78 0
3.78 3.8 0
3.8 3.82 0
3.82 3.84 0
3.84 3.86 0
3.86 3.88 0
3.88 3.9 0
3.9 3.92 0
3.92 3.94 0
3.94 3.96 0
3.96 3.98 0
3.98 4 0
4 4.02 0
4.02 4.04 0
4.04 4.06 0
4.06 4.08 0
4.08 4.1 0
4.1 4.12 0
4.12 4.14 0
4.14 4.16 0
4.16 4.18 0
4.18 4.2 0
4.2 4.22 0
4.22 4.24 0
4.24 4.26 0
4.26 4.28 0
4.28 4.3 0
4.3 4.32 0
4.32 4.34 0
4.34 4.36 0
4.36 4.38 0
4.38 4.4 0
4.4 4.42 0
4.42 4.44 0
4.44 4.46 0
4.46 4.48 0
4.48 4.5 0
4.5 4.52 0
4.52 4.54 0
4.54 4.56 0
4.56 4.58 0
4.58 4.6 0
4.6 4.62 0
4.62 4.64 0
4.64 4.66 0
4.66 4.68 0
4.68 4.7 0
4.7 4.72 0
4.72 4.74 0
4.74 4.76 0
4.76 4.78 0
4.78 4.8 0
4.8 4.82 0
4.82 4.84 0
4.84 4.86 0
4.86 4.88 0
4.88 4.9 0
4.9 4.92 0
4.92 4.94 0
4.94 4.96 0
4.96 4.98 0
4.98 5 0
5 5.02 0
5.02 5.04 0
5.04 5.06 0
5.06 5.08 0
5.08 5.1 0
5.1 5.12 0
5.12 5.14 0
5.14 5.16 0
5.16 5.18 0
5.18 5.2 0
5.2 5.22 0
5.22 5.24 0
5.24 5.26 0
5.26 5.28 0
5.28 5.3 0
5.3 5.32 0
5.32 5.34 0
5.34 5.36 0
5.36 5.38 0
5.38 5.4 0
5.4 5.42 0
5.42 5.44 0
5.44 5.46 0
5.46 5.48 0
5.48 5.5 0
5.5 5.52 0
5.52 5.54 0
5.54 5.56 0
5.56 5.58 0
5.58 5.6 0
5.6 5.62 0
5.62 5.64 0
5.64 5.66 0
5.66 5.68 0
5.68 5.7 0
5.7 5.72 0
5.72 5.74 0
5.74 5.76 0
5.76 5.78 0
5.78 5.8 0
5.8 5.82 0
5.82 5.84 0
5.84 5.86 0
5.86 5.88 0
5.88 5.9 0
5.9 5.92 0
5.92 5.94 0
5.94 5.96 0
5.96 5.98 0
5.98 6 0
6 6.02 0
6.02 6.04 0
6.04 6.06 0
6.06 6.08 0
6.08 6.1 0
6.1 6.12 0
6.12 6.14 0
6.14 6.16 0
6.16 6.18 0
6.18 6.2 0
6.2 6.22 0
6.22 6.24 0
6.24 6.26 0
6.26 6.28 0
6.28 6.3 0
6.3 6.32 0
6.32 6.34 0
6.34 6.36 0
6.36 6.38 0
6.38 6.4 0
6.4 6.42 0
6.42 6.44 0
6.44 6.46 0
6.46 6.48 0
6.48 6.5 0
6.5 6.52 0
6.52 6.54 0
6.54 6.56 0
6.56 6.58 0
6.58 6.6 0
6.6 6.62 0
6.62 6.64 0
6.64 6.66 0
6.66 6.68 0
6.68 6.7 0
6.7 6.72 0
6.72 6.74 0
6.74 6.76 0
6.76 6.78 0
6.78 6.8 0
6.8 6.82 0
6.82 6.84 0
6.84 6.86 0
6.86 6.88 0
6.88 6.9 0
6.9 6.92 0
6.92 6.94 0
6.94 6.96 0
6.96 6.98 0
6.98 7 0
7 7.02 0
7.02 7.04 0
7.04 7.06 0
7.06 7.08 0
7.08 7.1 0
7.1 7.12 0
7.12 7.14 0
7.14 7.16 0
7.16 7.18 0
7.18 7.2 0
7.2 7.22 0
7.22 7.24 0
7.24 7.26 0
7.26 7.28 0
7.28 7.3 0
7.3 7.32 0
7.32 7.34 0
7.34 7.36 0
7.36 7.38 0
7.38 7.4 0
7.4 7.42 0
7.42 7.44 0
7.44 7.46 0
7.46 7.48 0
7.48 7.5 0
7.5 7.52 0
7.52 7.54 0
7.54 7.56 0
7.56 7.58 0
7.58 7.6 0
7.6 7.62 0
7.62 7.64 0
7.64 7.66 0
7.66 7.68 0
7.68 7.7 0
7.7 7.72 0
7.72 7.74 0
7.74 7.76 0
7.76 7.78 0
7.78 7.8 0
7.8 7.82 0
7.82 7.84 0
7.84 7.86 0
7.86 7.88 0
7.88 7.9 0
7.9 7.92 0
7.92 7.94 0
7.94 7.96 0
7.96 7.98 0
7.98 8 0
8 8.02 0
8.02 8.04 0
8.04 8.06 0
8.06 8.08 0
8.08 8.1 0
8.1 8.12 0
8.12 8.14 0
8.14 8.16 0
8.16 8.18 0
8.18 8.2 0
8.2 8.22 0
8.22 8.24 0
8.24 8.26 0
8.26 8.28 0
8.28 8.3 0
8.3 8.32 0
8.32 8.34 0
8.34 8.36 0
8.36 8.38 0
8.38 8.4 0
8.4 8.42 0
8.42 8.44 0
8.44 8.46 0
8.46 8.48 0
8.48 8.5 0
8.5 8.52 0
8.52 8.54 0
8.54 8.56 0
8.56 8.58 0
8.58 8.6 0
8.6 8.62 0
8.62 8.64 0
8.64 8.66 0
8.66 8.68 0
8.68 8.7 0
8.7 8.72 0
8.72 8.74 0
8.74 8.76 0
8.76 8.78 0
8.78 8.8 0
8.8 8.82 0
8.82 8.84 0
8.84 8.86 0
8.86 8.88 0
8.88 8.9 0
8.9 8.92 0
8.92 8.94 0
8.94 8.96 0
8.96 8.98 0
8.98 9 0
9 9.02 0
9.02 9.04 0
9.04 9.06 0
9.06 9.08 0
9.08 9.1 0
9.1 9.12 0
9.12 9.14 0
9.14 9.16 0
9.16 9.18 0
9.18 9.2 0
9.2 9.22 0
9.22 9.24 0
9.24 9.26 0
9.26 9.28 0
9.28 9.3 0
9.3 9.32 0
9.32 9.34 0
9.34 9.36 0
9.36 9.38 0
9.38 9.4 0
9.4 9.42 0
9.42 9.44 0
9.44 9.46 0
9.46 9.48 0
9.48 9.5 0
9.5 9.52 0
9.52 9.54 0
9.54 9.56 0
9.56 9.58 0
9.58 9.6 0
9.6 9.62 0
9.62 9.64 0
9.64 9.66 0
9.66 9.68 0
9.68 9.7 0
9.7 9.72 0
9.72 9.74 0
9.74 9.76 0
9.76 9.78 0
9.78 9.8 0
9.8 9.82 0
9.82 9.84 0
9.84 9.86 0
9.86 9.88 0
9.88 9.9 0
9.9 9.92 0
9.92 9.94 0
9.94 9.96 0
9.96 9.98 0
9.98 10 0
10 10.02 0
10.02 10.04 0
10.04 10.06 0
10.06 10.08 0
10.08 10.1 0
10.1 10.12 0
10.12 10.14 0
10.14 10.16 0
10.16 10.18 0
10.18 10.2 0
10.2 10.22 0
10.22 10.24 0
10.24 10.26 0
10.26 10.28 0
10.28 10.3 0
10.3 10.32 0
10.32 10.34 0
10.34 10.36 0
10.36 10.38 0
10.38 10.4 0
10.4 10.42 0
10.42 10.44 0
10.44 10.46 0
10.46 10.48 0
10.48 10.5 0
10.5 10.52 0
10.52 10.54 0
10.54 10.56 0
10.56 10.58 0
10.58 10.6 0
10.6 10.62 0
10.62 10.64 0
10.64 10.66 0
10.66 10.68 0
10.68 10.7 0
10.7 10.72 0
10.72 10.74 0
10.74 10.76 0
10.76 10.78 0
10.78 10.8 0
10.8 10.82 0
10.82 10.84 0
10.84 10.86 0
10.86 10.88 0
10.88 10.9 0
10.9 10.92 0
10.92 10.94 0
10.94 10.96 0
10.96 10.98 0
10.98 11 0
11 11.02 0
11.02 11.04 0
11.04 11.06 0
11.06 11.08 0
11.08 11.1 0
11.1 11.12 0
11.12 11.14 0
11.14 11.16 0
11.16 11.18 0
11.18 11.2 0
11.2 11.22 0
11.22 11.24 0
11.24 11.26 0
11.26 11.28 0
11.28 11.3 0
11.3 11.32 0
11.32 11.34 0
11.34 11.36 0
11.36 11.38 0
11.38 11.4 0
11.4 11.42 0
11.42 11.44 0
11.44 11.46 0
11.46 11.48 0
11.48 11.5 0
11.5 11.52 0
11.52 11.54 0
11.54 11.56 0
11.56 11.58 0
11.58 11.6 0
11.6 11.62 0
11.62 11.64 0
11.64 11.66 0
11.66 11.68 0
11.68 11.7 0
11.7 11.72 0
11.72 11.74 0
11.74 11.76 0
11.76 11.78 0
11.78 11.8 0
11.8 11.82 0
11.82 11.84 0
11.84 11.86 0
11.86 11.88 0
11.88 11.9 0
11.9 11.92 0
11.92 11.94 0
11.94 11.96 0
11.96 11.98 0
11.98 12 0
12 12.02 0
12.02 12.04 0
12.04 12.06 0
12.06 12.08 0
12.08 12.1 0
12.1 12.12 0
12.12 12.14 0
12.14 12.16 0
12.16 12.18 0
12.18 12.2 0
12.2 12.22 0
12.22 12.24 0
12.24 12.26 0
12.26 12.28 0
12.28 12.3 0
12.3 12.32 0
12.32 12.34 0
12.34 12.36 0
12.36 12.38 0
12.38 12.4 0
12.4 12.42 0
12.42 12.44 0
12.44 12.46 0
12.46 12.48 0
12.48 12.5 0
12.5 12.52 0
12.52 12.54 0
12.54 12.56 0
12.56 12.58 0
12.58 12.6 0
12.6 12.62 0
12.62 12.64 0
12.64 12.66 0
12.66 12.68 0
12.68 12.7 0
12.7 12.72 0
12.72 12.74 0
12.74 12.76 0
12.76 12.78 0
12.78 12.8 0
12.8 12.82 0
12.82 12.84 0
12.84 12.86 0
12.86 12.88 0
12.88 12.9 0
12.9 12.92 0
12.92 12.94 0
12.94 12.96 0
12.96 12.98 0
12.98 13 0
13 13.02 0
13.02 13.04 0
13.04 13.06 0
13.06 13.08 0
13.08 13.1 0
13.1 13.12 0
13.12 13.14 0
13.14 13.16 0
13.16 13.18 0
13.18 13.2 0
13.2 13.22 0
13.22 13.24 0
13.24 13.26 0
13.26 13.28 0
13.28 13.3 0
13.3 13.32 0
13.32 13.34 0
13.34 13.36 0
13.36 13.38 0
13.38 13.4 0
13.4 13.42 0
13.42 13.44 0
13.44 13.46 0
13.46 13.48 0
13.48 13.5 0
13.5 13.52 0
13.52 13.54 0
13.54 13.56 0
13.56 13.58 0
13.58 13.6 0
13.6 13.62 0
13.62 13.64 0
13.64 13.66 0
13.66 13.68 0
13.68 13.7 0
13.7 13.72 0
13.72 13.74 0
13.74 13.76 0
13.76 13.78 0
13.78 13.8 0
13.8 13.82 0
13.82 13.84 0
13.84 13.86 0
13.86 13.88 0
13.88 13.9 0
13.9 13.92 0
13.92 13.94 0
13.94 13.96 0
13.96 13.98 0
13.98 14 0
14 14.02 0
14.02 14.04 0
14.04 14.06 0
14.06 14.08 0
14.08 14.1 0
14.1 14.12 0
14.12 14.14 0
14.14 14.16 0
14.16 14.18 0
14.18 14.2 0
14.2 14.22 0
14.22 14.24 0
14.24 14.26 0
14.26 14.28 0
14.28 14.3 0
14.3 14.32 0
14.32 14.34 0
14.34 14.36 0
14.36 14.38 0
14.38 14.4 0
14.4 14.42 0
14.42 14.44 0
14.44 14.46 0
14.46 14.48 0
14.48 14.5 0
14.5 14.52 0
14.52 14.54 0
14.54 14.56 0
14.56 14.58 0
14.58 14.6 0
14.6 14.62 0
14.62 14.64 0
14.64 14.66 0
14.66 14.68 0
14.68 14.7 0
14.7 14.72 0
14.72 14.74 0
14.74 14.76 0
14.76 14.78 0
14.78 14.8 0
14.8 14.82 0
14.82 14.84 0
14.84 14.86 0
14.86 14.88 0
14.88 14.9 0
14.9 14.92 0
14.92 14.94 0
14.94 14.96 0
14.96 14.98 0
14.98 15 0
15 15.02 0
15.02 15.04 0
15.04 15.06 0
15.06 15.08 0
15.08 15.1 0
15.1 15.12 0
15.12 15.14 0
15.14 15.16 0
15.16 15.18 0
15.18 15.2 0
15.2 15.22 0
15.22 15.24 0
15.24 15.26 0
15.26 15.28 0
15.28 15.3 0
15.3 15.32 0
15.32 15.34 0
15.34 15.36 0
15.36 15.38 0
15.38 15.4 0
15.4 15.42 0
15.42 15.44 0
15.44 15.46 0
15.46 15.48 0
15.48 15.5 0
15.5 15.52 0
15.52 15.54 0
15.54 15.56 0
15.56 15.58 0
15.58 15.6 0
15.6 15.62 0
15.62 15.64 0
15.64 15.66 0
15.66 15.68 0
15.68 15.7 0
15.7 15.72 0
15.72 15.74 0
15.74 15.76 0
15.76 15.78 0
15.78 15.8 0
15.8 15.82 0
15.82 15.84 0
15.84 15.86 0
15.86 15.88 0
15.88 15.9 0
15.9 15.92 0
15.92 15.94 0
15.94 15.96 0
15.96 15.98 0
15.98 16 0
16 16.02 0
16.02 16.04 0
16.04 16.06 0
16.06 16.08 0
16.08 16.1 0
16.1 16.12 0
16.12 16.14 0
16.14 16.16 0
16.16 16.18 0
16.18 16.2 0
16.2 16.22 0
16.22 16.24 0
16.24 16.26 0
16.26 16.28 0
16.28 16.3 0
16.3 16.32 0
16.32 16.34 0
16.34 16.36 0
16.36 16.38 0
16.38 16.4 0
16.4 16.42 0
16.42 16.44 0
16.44 16.46 0
16.46 16.48 0
16.48 16.5 0
16.5 16.52 0
16.52 16.54 0
16.54 16.56 0
16.56 16.58 0
16.58 16.6 0
16.6 16.62 0
16.62 16.64 0
16.64 16.66 0
16.66 16.68 0
16.68 16.7 0
16.7 16.72 0
16.72 16.74 0
16.74 16.76 0
16.76 16.78 0
16.78 16.8 0
16.8 16.82 0
16.82 16.84 0
16.84 16.86 0
16.86 16.88 0
16.88 16.9 0
16.9 16.92 0
16.92 16.94 0
16.94 16.96 0
16.96 16.98 0
16.98 17 0
17 17.02 0
17.02 17.04 0
17.04 17.06 0
17.06 17.08 0
17.08 17.1 0
17.1 17.12 0
17.12 17.14 0
17.14 17.16 0
17.16 17.18 0
17.18 17.2 0
17.2 17.22 0
17.22 17.24 0
17.24 17.26 0
17.26 17.28 0
17.28 17.3 0
17.3 17.32 0
17.32 17.34 0
17.34 17.36 0
17.36 17.38 0
17.38 17.4 0
17.4 17.42 0
17.42 17.44 0
17.44 17.46 0
17.46 17.48 0
17.48 17.5 0
17.5 17.52 0
17.52 17.54 0
17.54 17.56 0
17.56 17.58 0
17.58 17.6 0
17.6 17.62 0
17.62 17.64 0
17.64 17.66 0
17.66 17.68 0
17.68 17.7 0
17.7 17.72 0
17.72 17.74 0
17.74 17.76 0
17.76 17.78 0
17.78 17.8 0
17.8 17.82 0
17.82 17.84 0
17.84 17.86 0
17.86 17.88 0
17.88 17.9 0
17.9 17.92 0
17.92 17.94 0
17.94 17.96 0
17.96 17.98 0
17.98 18 0
18 18.02 0
18.02 18.04 0
18.04 18.06 0
18.06 18.08 0
18.08 18.1 0
18.1 18.12 0
18.12 18.14 0
18.14 18.16 0
18.16 18.18 0
18.18 18.2 0
18.2 18.22 0
18.22 18.24 0
18.24 18.26 0
18.26 18.28 0
18.28 18.3 0
18.3 18.32 0
18.32 18.34 0
18.34 18.36 0
18.36 18.38 0
18.38 18.4 0
18.4 18.42 0
18.42 18.44 0
18.44 18.46 0
18.46 18.48 0
18.48 18.5 0
18.5 18.52 0
18.52 18.54 0
18.54 18.56 0
18.56 18.58 0
18.58 18.6 0
18.6 18.62 0
18.62 18.64 0
18.64 18.66 0
18.66 18.68 0
18.68 18.7 0
18.7 18.72 0
18.72 18.74 0
18.74 18.76 0
18.76 18.78 0
18.78 18.8 0
18.8 18.82 0
18.82 18.84 0
18.84 18.86 0
18.86 18.88 0
18.88 18.9 0
18.9 18.92 0
18.92 18.94 0
18.94 18.96 0
18.96 18.98 0
18.98 19 0
19 19.02 0
19.02 19.04 0
19.04 19.06 0
19.06 19.08 0
19.08 19.1 0
19.1 19.12 0
19.12 19.14 0
19.14 19.16 0
19.16 19.18 0
19.18 19.2 0
19.2 19.22 0
19.22 19.24 0
19.24 19.26 0
19.26 19.28 0
19.28 19.3 0
19.3 19.32 0
19.32 19.34 0
19.34 19.36 0
19.36 19.38 0
19.38 19.4 0
19.4 19.42 0
19.42 19.44 0
19.44 19.46 0
19.46 19.48 0
19.48 19.5 0
19.5 19.52 0
19.52 19.54 0
19.54 19.56 0
19.56 19.58 0
19.58 19.6 0
19.6 19.62 0
19.62 19.64 0
19.64 19.66 0
19.66 19.68 0
19.68 19.7 0
19.7 19.72 0
19.72 19.74 0
19.74 19.76 0
19.76 19.78 0
19.78 19.8 0
19.8 19.82 0
19.82 19.84 0
19.84 19.86 0
19.86 19.88 0
19.88 19.9 0
19.9 19.92 0
19.92 19.94 0
19.94 19.96 0
19.96 19.98 0
19.98 20 0
